fruittype 0
bgcolor (0,0,0)
fillcolor (100,100,100)
edgelightcolor (255,255,128)
edgeshadowcolor (255,255,128)
pelletcolor (170,0,85)

(7,3) 9
(6,9) 9
(16,6) 17
(16,9) 16
(20,20) 15
(19,4) 17
(18,4) 17
(17,20) 17
(20,7) 16
(8,5) 16
(9,0) 17
(11,5) 9
(10,7) 9
(9,21) 9
(17,7) 9
(12,6) 16
(11,22) 17
(10,18) 17
(15,11) 9
(14,1) 19
(13,7) 9
(12,17) 16
(0,4) 19
(13,20) 9
(1,1) 9
(4,10) 19
(3,2) 9
(2,6) 17
(5,11) 9
(6,0) 18
(4,16) 20
(16,0) 18
(17,13) 9
(16,19) 16
(18,10) 13
(8,12) 17
(8,22) 17
(9,9) 9
(10,14) 17
(8,18) 19
(14,21) 16
(9,19) 9
(15,16) 9
(14,8) 15
(13,0) 17
(12,8) 25
(11,16) 14
(16,8) 12
(13,13) 16
(3,11) 9
(2,1) 9
(4,12) 18
(2,12) 20
(5,1) 17
(7,2) 9
(6,14) 14
(17,6) 17
(7,15) 9
(20,21) 6
(19,7) 9
(17,11) 9
(20,0) 11
(18,16) 21
(8,6) 16
(10,9) 1
(9,7) 9
(11,4) 9
(10,4) 16
(9,20) 17
(14,19) 9
(12,7) 16
(11,9) 9
(10,19) 9
(15,10) 17
(14,6) 19
(13,6) 9
(12,18) 21
(15,7) 9
(13,19) 9
(1,0) 7
(0,8) 16
(4,11) 9
(2,7) 9
(5,10) 17
(4,6) 17
(3,22) 17
(18,22) 15
(6,1) 21
(5,7) 9
(4,17) 16
(7,4) 9
(6,20) 12
(19,12) 17
(17,12) 9
(7,17) 9
(19,1) 9
(18,11) 9
(7,6) 9
(14,18) 11
(8,13) 9
(9,8) 15
(8,0) 17
(10,15) 2
(8,19) 9
(11,14) 15
(9,18) 17
(15,19) 9
(14,9) 9
(12,9) 9
(11,19) 9
(1,20) 17
(15,12) 14
(13,12) 20
(12,20) 15
(16,22) 17
(3,10) 9
(7,21) 9
(4,13) 16
(2,13) 16
(3,16) 17
(6,15) 9
(7,14) 21
(6,18) 11
(20,22) 11
(19,6) 17
(18,2) 11
(17,10) 9
(20,1) 6
(7,7) 9
(8,7) 16
(9,6) 9
(11,7) 9
(10,5) 16
(14,16) 11
(12,0) 17
(11,8) 14
(10,16) 8
(14,7) 9
(13,5) 9
(12,19) 9
(0,6) 18
(15,6) 17
(13,18) 9
(1,7) 9
(0,9) 16
(3,4) 17
(2,4) 17
(5,9) 9
(4,7) 9
(6,6) 21
(5,6) 17
(4,18) 16
(16,2) 9
(6,21) 16
(5,19) 9
(17,3) 9
(7,16) 9
(20,8) 16
(19,0) 7
(18,8) 12
(17,16) 17
(15,13) 9
(16,1) 21
(8,1) 9
(8,20) 14
(11,1) 9
(9,17) 3
(15,18) 9
(14,14) 15
(12,10) 9
(11,18) 17
(10,22) 17
(15,15) 9
(13,11) 9
(12,21) 9
(2,16) 19
(0,0) 11
(3,13) 9
(16,20) 19
(4,14) 13
(2,10) 13
(5,15) 9
(6,12) 9
(4,20) 21
(19,20) 17
(17,4) 17
(16,12) 20
(6,19) 9
(19,9) 9
(18,3) 9
(17,9) 9
(20,2) 12
(18,14) 16
(7,5) 9
(16,15) 9
(9,5) 9
(8,14) 9
(11,6) 9
(10,2) 24
(14,17) 9
(12,1) 9
(11,11) 16
(10,17) 4
(0,20) 14
(14,4) 16
(13,4) 9
(12,12) 17
(0,7) 16
(15,1) 17
(13,17) 9
(2,22) 14
(1,6) 17
(0,10) 16
(3,7) 9
(1,11) 9
(7,22) 17
(5,8) 9
(4,0) 20
(6,7) 9
(4,19) 16
(16,3) 20
(6,10) 17
(5,18) 9
(17,2) 9
(7,19) 9
(20,9) 16
(19,3) 9
(18,9) 16
(20,4) 21
(18,20) 17
(8,15) 9
(9,14) 14
(8,2) 14
(10,13) 9
(9,3) 9
(8,21) 9
(11,0) 17
(9,16) 15
(14,15) 9
(12,11) 9
(11,21) 9
(15,14) 9
(14,2) 9
(13,10) 14
(12,22) 17
(0,1) 6
(3,12) 9
(1,12) 17
(4,15) 9
(3,1) 9
(2,11) 9
(5,14) 9
(6,13) 9
(7,8) 17
(6,16) 11
(19,8) 9
(18,0) 15
(17,8) 9
(16,16) 18
(20,3) 16
(18,15) 16
(8,9) 9
(9,4) 9
(7,11) 9
(10,3) 16
(14,22) 25
(12,2) 15
(11,10) 12
(0,21) 6
(14,5) 16
(13,3) 9
(12,13) 9
(13,16) 9
(0,11) 16
(16,4) 19
(3,6) 17
(2,2) 11
(1,10) 9
(4,1) 19
(6,4) 16
(7,1) 9
(6,11) 9
(5,17) 9
(17,1) 9
(7,18) 9
(20,10) 16
(19,2) 10
(18,6) 17
(17,22) 17
(9,13) 9
(8,3) 9
(9,2) 17
(16,13) 16
(7,20) 9
(11,3) 9
(14,12) 9
(12,4) 12
(11,20) 17
(10,20) 17
(15,9) 9
(14,3) 18
(13,9) 9
(0,2) 12
(13,22) 17
(3,15) 9
(1,3) 9
(10,1) 9
(4,8) 12
(3,0) 17
(2,8) 12
(5,13) 9
(6,2) 9
(4,22) 17
(19,22) 7
(16,14) 13
(6,17) 9
(19,11) 9
(18,1) 9
(17,15) 9
(16,17) 16
(20,12) 21
(18,12) 18
(8,10) 9
(9,11) 16
(10,0) 17
(15,17) 9
(12,3) 9
(11,13) 9
(0,22) 11
(15,22) 17
(14,10) 17
(13,2) 9
(12,14) 9
(15,3) 17
(13,15) 9
(2,20) 17
(1,4) 17
(0,12) 19
(3,9) 9
(2,3) 9
(1,9) 9
(4,2) 9
(2,14) 16
(6,5) 16
(5,3) 17
(8,16) 18
(7,0) 17
(6,8) 14
(5,16) 9
(17,0) 17
(7,13) 16
(20,11) 16
(18,7) 9
(20,6) 20
(7,9) 9
(9,12) 21
(8,4) 12
(9,1) 9
(11,2) 17
(10,6) 13
(9,22) 17
(16,11) 9
(14,13) 9
(12,5) 16
(10,21) 10
(15,8) 9
(14,0) 20
(13,8) 17
(12,16) 20
(0,3) 16
(13,21) 9
(3,14) 9
(1,2) 10
(4,9) 16
(3,3) 9
(2,9) 16
(5,12) 15
(4,4) 21
(3,20) 17
(6,3) 20
(8,8) 25
(16,7) 9
(7,10) 15
(6,22) 25
(5,22) 17
(19,10) 9
(17,14) 9
(16,18) 16
(18,13) 16
(8,11) 9
(9,10) 12
(7,12) 18
(8,17) 16
(14,20) 12
(11,12) 19
(16,10) 21
(14,11) 9
(13,1) 9
(12,15) 9
(11,17) 5
(1,22) 7
(15,2) 9
(13,14) 19
(3,8) 9
(2,0) 14
(1,8) 9
(4,3) 18
(2,15) 16
(5,2) 9