fruittype 2
bgcolor (0,0,0)
fillcolor (0,0,0)
edgelightcolor (0,128,192)
edgeshadowcolor (0,51,51)
pelletcolor (255,128,0)

(7,3) 11
(6,9) 9
(19,19) 21
(16,6) 10
(16,9) 3
(19,4) 16
(17,20) 16
(20,7) 16
(18,19) 17
(8,5) 15
(10,8) 9
(9,0) 7
(11,5) 9
(10,7) 9
(17,7) 2
(11,22) 7
(10,18) 16
(15,11) 9
(14,1) 17
(13,7) 20
(12,17) 14
(15,4) 13
(13,20) 9
(4,10) 11
(3,2) 16
(2,6) 9
(5,11) 9
(4,5) 17
(4,16) 9
(7,5) 14
(5,21) 17
(19,13) 9
(17,13) 9
(16,19) 9
(20,14) 16
(18,10) 17
(17,18) 9
(8,12) 9
(8,22) 13
(9,9) 19
(10,14) 9
(8,18) 9
(14,21) 17
(11,15) 14
(9,19) 17
(15,16) 9
(14,8) 9
(12,8) 9
(11,16) 9
(16,8) 15
(13,13) 14
(2,18) 9
(0,14) 16
(3,11) 9
(1,15) 9
(4,12) 17
(2,12) 19
(5,1) 17
(3,17) 14
(7,2) 9
(6,14) 9
(19,18) 16
(17,6) 13
(7,15) 15
(17,11) 9
(18,16) 9
(8,6) 9
(10,9) 17
(9,7) 12
(11,4) 9
(10,4) 16
(9,20) 9
(14,19) 19
(12,7) 17
(11,9) 15
(10,19) 25
(15,10) 19
(14,6) 9
(1,19) 19
(0,8) 16
(4,11) 9
(3,5) 18
(2,7) 9
(5,10) 9
(4,6) 9
(6,1) 17
(5,7) 12
(4,17) 15
(16,1) 17
(6,20) 9
(5,20) 9
(19,12) 9
(17,12) 17
(7,17) 17
(20,15) 16
(18,11) 9
(17,17) 15
(14,18) 16
(8,13) 9
(9,8) 16
(8,0) 12
(10,15) 1
(8,19) 14
(11,14) 9
(9,18) 9
(15,19) 15
(14,9) 9
(12,9) 9
(11,19) 17
(15,12) 18
(13,12) 9
(12,20) 9
(2,19) 17
(0,15) 16
(3,10) 10
(1,14) 9
(7,21) 17
(6,15) 17
(17,5) 12
(7,14) 9
(6,18) 16
(19,6) 19
(17,10) 17
(18,17) 9
(7,7) 12
(8,7) 9
(9,6) 9
(11,7) 14
(10,5) 13
(14,16) 9
(12,0) 12
(11,8) 9
(10,16) 9
(15,21) 17
(14,7) 9
(13,5) 15
(12,19) 15
(1,18) 16
(0,6) 18
(15,6) 11
(1,7) 9
(0,9) 16
(16,21) 17
(3,4) 9
(2,4) 9
(5,9) 9
(4,7) 9
(6,6) 9
(5,6) 9
(4,18) 9
(16,2) 9
(6,21) 17
(5,19) 14
(19,15) 9
(17,3) 19
(7,16) 9
(20,8) 21
(18,8) 14
(15,13) 21
(7,4) 9
(9,15) 11
(8,1) 21
(10,12) 9
(8,20) 9
(9,17) 9
(15,18) 9
(14,14) 9
(12,10) 9
(10,22) 13
(15,15) 11
(13,11) 15
(12,21) 18
(2,16) 9
(8,14) 9
(1,13) 9
(16,20) 9
(4,14) 9
(5,15) 14
(3,19) 20
(6,12) 9
(4,20) 9
(16,12) 17
(6,19) 21
(19,9) 16
(18,3) 17
(17,9) 4
(18,14) 15
(8,8) 9
(16,15) 9
(11,6) 9
(10,2) 9
(14,17) 20
(12,1) 19
(11,11) 18
(10,17) 12
(15,20) 9
(13,4) 9
(12,12) 9
(1,17) 16
(0,7) 16
(15,1) 17
(13,17) 17
(1,6) 21
(0,10) 16
(3,7) 9
(2,5) 9
(1,11) 9
(5,8) 21
(6,7) 9
(5,5) 21
(4,19) 9
(16,3) 9
(6,10) 14
(5,18) 10
(19,14) 9
(17,2) 16
(7,19) 9
(19,3) 20
(18,9) 5
(8,15) 9
(9,14) 9
(8,2) 9
(10,13) 9
(9,3) 14
(8,21) 20
(11,0) 7
(9,16) 9
(14,15) 9
(12,11) 17
(15,14) 9
(14,2) 9
(13,10) 9
(12,22) 13
(2,17) 9
(3,12) 17
(1,12) 9
(4,15) 9
(3,1) 18
(2,11) 12
(5,14) 9
(3,18) 9
(6,13) 17
(4,21) 17
(7,8) 13
(6,16) 9
(20,16) 21
(19,8) 24
(16,4) 9
(17,8) 8
(16,16) 9
(18,15) 9
(8,9) 9
(9,4) 9
(7,11) 19
(10,3) 24
(12,2) 9
(11,10) 9
(14,5) 9
(13,3) 11
(12,13) 9
(1,16) 20
(13,16) 9
(1,5) 16
(0,11) 16
(3,6) 13
(1,10) 9
(4,1) 17
(6,4) 9
(5,4) 16
(7,1) 17
(6,11) 9
(19,17) 16
(17,1) 20
(7,18) 9
(20,10) 20
(9,13) 13
(8,3) 9
(10,10) 9
(9,2) 9
(16,13) 9
(7,20) 9
(11,3) 15
(14,12) 9
(12,4) 9
(11,20) 9
(10,20) 9
(15,9) 16
(13,9) 13
(3,15) 13
(1,3) 18
(10,1) 13
(4,8) 17
(2,8) 18
(5,13) 19
(3,21) 19
(6,2) 9
(16,14) 9
(6,17) 18
(19,11) 9
(17,15) 13
(16,17) 14
(20,12) 16
(18,12) 15
(15,17) 9
(8,10) 9
(9,11) 20
(10,0) 12
(8,16) 9
(12,3) 9
(11,13) 13
(14,10) 9
(13,2) 9
(12,14) 9
(15,3) 12
(13,15) 15
(1,4) 16
(0,12) 16
(3,9) 9
(2,3) 17
(1,9) 9
(4,2) 9
(2,14) 14
(5,3) 12
(16,5) 9
(6,8) 9
(5,16) 9
(19,16) 18
(7,13) 15
(20,11) 16
(19,5) 16
(17,21) 21
(20,6) 20
(18,18) 9
(9,12) 16
(8,4) 9
(10,11) 9
(11,2) 9
(10,6) 9
(9,22) 7
(16,11) 9
(14,13) 17
(12,5) 14
(10,21) 12
(0,16) 19
(15,8) 18
(13,8) 16
(12,16) 9
(15,5) 9
(13,21) 17
(3,14) 20
(4,9) 9
(3,3) 21
(2,9) 13
(5,12) 20
(4,4) 9
(3,20) 16
(6,3) 9
(7,10) 20
(19,10) 25
(17,14) 18
(16,18) 9
(20,13) 16
(18,13) 9
(17,19) 18
(8,11) 17
(9,10) 9
(7,12) 9
(8,17) 15
(14,20) 9
(11,12) 16
(16,10) 17
(14,11) 9
(13,1) 17
(12,15) 17
(15,2) 9
(13,14) 9
(0,13) 16
(3,8) 17
(1,8) 9
(4,3) 9
(2,15) 9
(5,2) 9