fruittype 3
bgcolor (0,0,0)
fillcolor (0,0,0)
edgelightcolor (52,61,139)
edgeshadowcolor (35,41,95)
pelletcolor (238,183,128)

(16,6) 17
(6,9) 11
(19,19) 18
(17,7) 9
(16,9) 13
(19,4) 16
(18,4) 9
(17,20) 9
(7,25) 17
(20,7) 15
(18,19) 9
(17,25) 9
(10,8) 2
(9,0) 17
(8,24) 9
(10,7) 13
(9,21) 17
(14,18) 9
(12,6) 17
(10,18) 9
(0,17) 14
(15,11) 17
(14,1) 9
(13,7) 9
(12,17) 9
(13,20) 9
(4,10) 9
(3,2) 18
(2,6) 9
(5,11) 17
(3,23) 18
(6,0) 17
(5,24) 9
(4,16) 9
(19,24) 20
(16,0) 17
(6,23) 17
(5,21) 17
(20,19) 15
(19,13) 18
(17,13) 12
(16,19) 17
(18,10) 18
(17,18) 9
(16,8) 18
(18,25) 9
(8,12) 9
(9,9) 15
(10,14) 1
(8,18) 9
(14,21) 17
(11,15) 14
(9,19) 21
(15,16) 9
(14,8) 9
(13,0) 17
(12,8) 12
(11,16) 9
(1,21) 19
(15,13) 11
(13,13) 12
(2,18) 9
(1,26) 13
(3,11) 9
(2,1) 9
(1,15) 16
(4,12) 9
(2,12) 9
(5,1) 9
(3,17) 11
(7,2) 17
(6,14) 9
(17,6) 21
(7,15) 25
(19,7) 18
(18,5) 9
(17,11) 9
(7,24) 9
(20,0) 15
(18,16) 9
(17,24) 19
(8,6) 17
(10,9) 8
(9,7) 9
(8,25) 20
(9,20) 9
(15,25) 20
(14,19) 9
(12,7) 9
(11,9) 14
(10,19) 9
(0,18) 6
(15,10) 9
(14,6) 24
(13,6) 17
(12,18) 9
(11,26) 17
(1,19) 20
(0,5) 14
(15,7) 9
(13,19) 15
(2,24) 17
(1,0) 15
(4,11) 14
(3,5) 16
(2,7) 9
(5,10) 9
(4,6) 17
(6,1) 9
(5,7) 9
(4,17) 10
(16,1) 9
(6,20) 9
(5,20) 9
(7,21) 17
(17,12) 9
(7,17) 11
(18,11) 19
(17,17) 11
(8,13) 9
(8,0) 17
(8,19) 17
(11,14) 9
(10,26) 17
(9,18) 16
(15,19) 14
(14,9) 11
(12,9) 23
(11,19) 19
(1,20) 16
(15,12) 9
(13,12) 9
(12,20) 9
(2,19) 9
(1,25) 16
(13,25) 17
(3,10) 9
(1,14) 16
(4,13) 9
(2,13) 9
(5,0) 17
(4,24) 9
(3,16) 9
(6,15) 17
(19,21) 21
(17,5) 16
(7,14) 16
(6,18) 9
(18,2) 9
(17,10) 9
(20,1) 6
(18,17) 9
(7,7) 9
(8,7) 9
(9,6) 17
(8,26) 19
(11,7) 9
(15,24) 9
(14,16) 9
(12,0) 17
(10,16) 9
(0,19) 14
(15,21) 17
(14,7) 13
(12,19) 17
(0,6) 6
(15,6) 17
(13,18) 9
(2,25) 9
(1,7) 20
(16,21) 17
(3,4) 16
(2,4) 9
(4,7) 9
(3,25) 9
(6,6) 24
(5,6) 17
(4,18) 9
(19,26) 13
(16,2) 17
(6,21) 17
(5,19) 15
(19,15) 16
(17,3) 16
(7,16) 9
(6,24) 9
(19,0) 14
(18,8) 9
(17,16) 9
(16,24) 9
(16,23) 17
(8,14) 9
(9,15) 15
(8,1) 9
(10,12) 9
(8,20) 9
(11,1) 9
(9,17) 12
(15,18) 9
(14,14) 9
(12,10) 16
(11,18) 16
(15,15) 15
(13,11) 9
(12,21) 17
(2,16) 9
(1,24) 18
(0,0) 14
(13,24) 9
(3,13) 12
(1,13) 20
(16,20) 9
(4,14) 9
(2,10) 20
(5,15) 14
(4,25) 9
(3,19) 14
(6,12) 9
(4,20) 9
(19,20) 16
(17,4) 16
(16,12) 9
(6,19) 9
(19,9) 16
(18,3) 9
(17,9) 9
(20,2) 15
(18,14) 9
(8,8) 12
(16,15) 9
(11,6) 17
(10,2) 17
(9,26) 17
(14,17) 9
(12,1) 9
(11,11) 17
(10,17) 9
(15,20) 9
(12,12) 9
(1,17) 21
(0,7) 14
(15,1) 9
(13,17) 11
(3,7) 9
(2,5) 9
(1,11) 25
(5,8) 9
(4,0) 17
(3,24) 21
(6,7) 13
(4,19) 17
(7,6) 17
(6,10) 9
(5,18) 9
(19,14) 16
(17,2) 20
(7,19) 14
(6,25) 17
(19,3) 16
(18,9) 9
(17,23) 20
(16,25) 9
(18,20) 9
(8,15) 17
(9,14) 9
(8,2) 17
(8,21) 17
(14,24) 9
(11,0) 17
(10,24) 13
(9,16) 9
(14,15) 17
(12,11) 21
(11,21) 17
(10,23) 24
(15,14) 9
(14,2) 17
(13,10) 9
(2,17) 9
(0,1) 6
(13,23) 17
(3,12) 9
(4,15) 9
(3,1) 9
(2,11) 21
(7,23) 17
(5,14) 9
(4,26) 17
(3,18) 9
(6,13) 9
(4,21) 17
(7,8) 9
(6,16) 9
(19,8) 16
(18,0) 7
(17,8) 15
(16,16) 9
(18,15) 9
(18,26) 7
(8,9) 22
(7,11) 9
(9,25) 9
(15,26) 19
(12,2) 17
(11,10) 5
(15,23) 17
(12,13) 9
(1,16) 16
(15,0) 17
(13,16) 9
(12,24) 9
(1,5) 21
(0,11) 14
(3,6) 19
(2,2) 9
(1,10) 22
(4,1) 9
(7,20) 9
(7,1) 9
(6,11) 15
(5,17) 11
(19,17) 19
(17,1) 9
(7,18) 9
(19,2) 18
(18,6) 9
(16,26) 17
(20,5) 15
(18,21) 17
(9,13) 11
(10,10) 4
(9,2) 17
(16,13) 9
(14,25) 17
(10,25) 9
(9,23) 17
(14,12) 9
(11,20) 9
(10,20) 9
(12,23) 17
(11,25) 9
(0,2) 14
(3,15) 13
(1,3) 16
(10,1) 9
(4,8) 20
(3,0) 14
(2,8) 9
(5,13) 11
(3,21) 17
(6,2) 17
(5,26) 21
(16,14) 9
(6,17) 9
(5,23) 17
(20,17) 15
(19,11) 25
(18,1) 9
(17,15) 13
(16,17) 10
(20,12) 6
(18,12) 9
(8,10) 16
(9,11) 17
(10,0) 17
(9,24) 9
(15,17) 11
(14,23) 17
(11,13) 11
(14,10) 9
(13,2) 17
(12,14) 9
(13,15) 25
(12,25) 18
(2,20) 9
(1,4) 16
(0,12) 6
(3,9) 9
(2,3) 9
(1,9) 16
(4,2) 17
(3,26) 14
(2,14) 9
(8,16) 9
(7,0) 17
(6,8) 9
(5,16) 9
(19,16) 16
(17,0) 15
(7,13) 12
(20,11) 15
(19,5) 19
(18,7) 9
(17,21) 17
(20,6) 6
(18,18) 9
(17,26) 15
(9,12) 9
(10,11) 17
(9,1) 9
(8,23) 17
(11,2) 17
(10,6) 24
(16,11) 15
(14,13) 9
(11,23) 17
(10,21) 17
(15,8) 9
(14,0) 17
(13,8) 9
(12,16) 9
(11,24) 9
(13,21) 17
(3,14) 16
(2,26) 7
(1,2) 20
(4,9) 13
(3,3) 16
(2,9) 9
(5,12) 9
(3,20) 9
(5,25) 18
(4,23) 17
(19,25) 16
(16,7) 9
(7,10) 9
(20,18) 6
(19,10) 23
(17,14) 16
(16,18) 9
(20,13) 15
(18,13) 9
(17,19) 15
(18,24) 17
(8,11) 19
(9,10) 3
(7,12) 9
(8,17) 9
(14,20) 9
(11,12) 9
(16,10) 9
(14,11) 14
(13,1) 9
(12,15) 17
(11,17) 12
(15,2) 17
(13,14) 16
(12,26) 21
(2,21) 17
(0,13) 14
(3,8) 14
(2,0) 7
(1,8) 16
(2,15) 9
(5,2) 17