fruittype 3
bgcolor (0,0,0)
fillcolor (129,11,168)
edgelightcolor (255,255,255)
edgeshadowcolor (0,128,255)
pelletcolor (255,255,255)

(7,3) 9
(6,9) 12
(19,19) 9
(16,6) 14
(16,9) 9
(20,20) 16
(19,4) 17
(18,4) 14
(17,20) 9
(20,7) 16
(18,19) 9
(8,5) 9
(10,8) 17
(9,0) 17
(11,5) 9
(10,7) 9
(9,21) 9
(17,7) 9
(12,6) 14
(11,22) 17
(10,18) 25
(15,11) 9
(14,1) 9
(13,7) 9
(12,17) 9
(0,4) 22
(15,4) 9
(13,20) 17
(1,1) 9
(4,10) 20
(3,2) 9
(2,6) 14
(5,11) 9
(6,0) 17
(4,16) 21
(16,0) 24
(5,21) 9
(20,19) 16
(16,19) 9
(20,14) 15
(18,10) 21
(17,18) 9
(8,12) 19
(10,14) 17
(8,18) 14
(14,21) 9
(11,15) 9
(9,19) 9
(15,16) 9
(13,0) 17
(12,8) 15
(11,16) 9
(1,21) 9
(16,8) 11
(13,13) 9
(2,18) 21
(0,14) 14
(2,1) 9
(4,12) 21
(2,12) 17
(5,1) 9
(3,17) 9
(7,2) 9
(6,14) 12
(19,18) 17
(17,6) 17
(7,15) 9
(20,21) 16
(19,7) 9
(18,5) 9
(16,4) 11
(20,0) 20
(18,16) 20
(8,6) 15
(10,9) 2
(9,7) 9
(11,4) 17
(10,4) 24
(9,20) 9
(14,19) 16
(12,7) 9
(10,19) 9
(0,18) 18
(15,10) 9
(14,6) 20
(13,6) 17
(12,18) 15
(1,19) 9
(0,5) 16
(15,7) 9
(13,19) 9
(1,0) 17
(0,8) 19
(4,11) 16
(3,5) 9
(5,10) 9
(4,6) 15
(3,22) 17
(18,22) 17
(6,1) 9
(5,7) 9
(4,17) 9
(7,4) 17
(6,20) 19
(5,20) 9
(19,12) 17
(17,12) 17
(7,17) 9
(19,1) 9
(7,6) 17
(14,18) 16
(8,13) 9
(9,8) 17
(8,0) 17
(8,19) 9
(11,14) 17
(9,18) 17
(15,19) 9
(14,9) 12
(11,19) 9
(1,20) 10
(15,12) 9
(12,20) 14
(2,19) 9
(16,22) 25
(3,10) 17
(1,14) 17
(7,21) 9
(5,0) 17
(3,16) 17
(6,15) 16
(19,21) 9
(17,5) 9
(7,14) 9
(6,18) 16
(20,22) 21
(19,6) 9
(18,2) 11
(17,10) 17
(20,1) 16
(18,17) 16
(7,7) 9
(8,7) 9
(9,6) 9
(11,7) 9
(10,5) 16
(14,16) 23
(12,0) 17
(11,8) 17
(10,16) 12
(0,19) 16
(15,21) 9
(14,7) 13
(13,5) 9
(12,19) 9
(1,18) 17
(0,6) 16
(15,6) 9
(13,18) 9
(1,7) 9
(16,21) 16
(3,4) 9
(2,4) 15
(5,9) 9
(4,7) 9
(6,6) 18
(5,6) 9
(4,18) 11
(16,2) 13
(6,21) 9
(5,19) 9
(17,3) 9
(7,16) 17
(20,8) 21
(19,0) 17
(18,8) 18
(17,16) 17
(15,13) 9
(16,1) 16
(9,15) 9
(8,1) 9
(10,12) 17
(8,20) 15
(11,1) 9
(9,17) 9
(15,18) 9
(14,14) 12
(12,10) 20
(11,18) 17
(10,22) 17
(15,15) 9
(12,21) 9
(2,16) 18
(0,0) 18
(8,14) 14
(16,20) 12
(4,14) 20
(2,10) 19
(5,15) 9
(3,19) 9
(6,12) 13
(4,20) 12
(19,20) 10
(17,4) 9
(16,12) 19
(6,19) 16
(18,3) 9
(17,9) 9
(20,2) 16
(18,14) 17
(17,17) 9
(7,5) 9
(9,5) 9
(11,6) 9
(10,2) 17
(14,17) 16
(12,1) 9
(11,11) 5
(10,17) 16
(0,20) 16
(15,20) 9
(14,4) 21
(13,4) 17
(12,12) 21
(0,7) 16
(15,1) 9
(13,17) 9
(2,22) 17
(1,6) 9
(3,7) 9
(2,5) 9
(7,22) 17
(5,8) 9
(4,0) 24
(6,7) 13
(5,5) 9
(4,19) 9
(16,3) 9
(6,10) 16
(5,18) 9
(19,14) 17
(17,2) 9
(7,19) 9
(19,3) 9
(18,9) 16
(20,4) 23
(18,20) 11
(8,15) 9
(9,14) 17
(8,2) 14
(10,13) 1
(9,3) 9
(8,21) 9
(11,0) 17
(9,16) 9
(14,15) 16
(12,11) 16
(11,21) 9
(15,14) 9
(14,2) 12
(12,22) 17
(2,17) 16
(0,1) 16
(3,12) 17
(1,12) 17
(4,15) 16
(3,1) 9
(5,14) 9
(3,18) 9
(6,13) 9
(4,21) 16
(6,16) 22
(19,8) 17
(18,0) 17
(17,8) 9
(16,16) 19
(20,3) 16
(9,4) 17
(10,3) 9
(14,22) 17
(12,2) 15
(11,10) 14
(0,21) 16
(14,5) 9
(13,3) 9
(12,13) 9
(15,0) 17
(13,16) 17
(1,5) 9
(3,6) 17
(2,2) 11
(4,1) 16
(6,4) 19
(5,4) 9
(7,1) 9
(6,11) 16
(5,17) 9
(17,1) 9
(7,18) 9
(19,2) 10
(18,6) 15
(17,22) 17
(20,5) 16
(18,21) 9
(9,13) 9
(8,3) 9
(10,10) 8
(9,2) 17
(8,22) 17
(7,20) 17
(11,3) 9
(14,12) 13
(12,4) 17
(11,20) 9
(10,20) 11
(15,9) 9
(14,3) 16
(0,2) 16
(13,22) 17
(1,3) 9
(4,8) 11
(3,0) 17
(2,8) 20
(5,13) 9
(3,21) 9
(6,2) 12
(4,22) 25
(19,22) 17
(16,14) 18
(6,17) 16
(18,1) 9
(16,17) 9
(20,12) 15
(18,12) 17
(8,10) 18
(9,11) 3
(10,0) 17
(15,17) 9
(12,3) 9
(11,13) 9
(0,22) 19
(15,22) 17
(14,10) 16
(13,2) 9
(12,14) 15
(15,3) 9
(13,15) 9
(2,20) 11
(1,4) 17
(0,12) 14
(3,9) 9
(2,3) 9
(4,2) 13
(2,14) 17
(6,5) 9
(5,3) 9
(8,16) 15
(7,0) 17
(5,16) 9
(17,0) 17
(7,13) 9
(19,5) 9
(17,21) 9
(20,6) 16
(18,18) 19
(9,12) 17
(8,4) 17
(10,11) 4
(9,1) 9
(11,2) 17
(10,6) 13
(9,22) 17
(16,11) 16
(14,13) 9
(12,5) 9
(10,21) 9
(15,8) 9
(14,0) 17
(12,16) 14
(0,3) 16
(15,5) 9
(13,21) 9
(3,14) 17
(1,2) 10
(4,9) 9
(3,3) 9
(2,9) 16
(5,12) 9
(4,4) 11
(3,20) 9
(6,3) 16
(8,8) 14
(16,7) 9
(16,15) 16
(6,22) 17
(5,22) 17
(20,18) 20
(17,14) 17
(16,18) 11
(20,13) 6
(17,19) 9
(8,11) 16
(9,10) 15
(10,1) 9
(8,17) 9
(14,20) 21
(11,12) 17
(16,10) 18
(14,11) 16
(13,1) 9
(12,15) 9
(11,17) 9
(1,22) 17
(15,2) 9
(13,14) 9
(2,21) 9
(0,13) 6
(3,8) 9
(2,0) 17
(1,8) 17
(4,3) 9
(5,2) 9