fruittype 1
bgcolor (0,0,0)
fillcolor (0,0,0)
edgelightcolor (0,0,255)
edgeshadowcolor (0,0,255)
pelletcolor (255,255,255)

(13,22) 19
(28,18) 17
(14,17) 10
(14,18) 9
(0,20) 11
(31,19) 9
(20,20) 9
(15,32) 18
(22,19) 9
(13,17) 16
(8,19) 9
(18,22) 17
(16,22) 17
(27,20) 17
(9,18) 17
(30,18) 17
(20,17) 10
(11,19) 9
(16,17) 9
(22,20) 17
(21,20) 18
(12,20) 17
(2,19) 9
(26,20) 17
(4,19) 9
(32,20) 17
(29,19) 9
(5,18) 17
(17,33) 4
(10,18) 17
(7,19) 9
(19,32) 20
(13,20) 20
(24,20) 17
(33,20) 17
(19,21) 9
(19,34) 21
(24,19) 9
(6,18) 17
(34,19) 6
(20,22) 17
(15,34) 19
(25,18) 17
(2,20) 14
(18,17) 9
(17,31) 2
(23,20) 17
(28,20) 17
(20,19) 9
(16,34) 17
(21,18) 19
(26,18) 17
(23,19) 9
(14,16) 17
(19,16) 17
(0,19) 6
(15,21) 9
(34,20) 15
(12,19) 9
(15,33) 16
(1,18) 17
(17,21) 9
(3,18) 17
(22,18) 17
(13,18) 21
(8,18) 17
(14,21) 10
(9,19) 9
(15,16) 17
(29,20) 17
(18,33) 5
(20,16) 17
(16,16) 17
(21,21) 16
(2,18) 17
(4,18) 17
(32,19) 9
(15,22) 17
(5,19) 9
(33,18) 17
(16,21) 9
(21,16) 20
(17,16) 17
(19,33) 16
(13,21) 16
(28,19) 9
(14,22) 17
(29,18) 17
(24,18) 17
(31,18) 17
(34,18) 15
(20,21) 10
(25,19) 9
(3,20) 17
(19,22) 17
(13,16) 18
(8,20) 17
(16,33) 3
(18,16) 17
(16,32) 15
(30,19) 9
(20,18) 9
(11,18) 17
(21,19) 9
(7,20) 17
(17,19) 1
(9,20) 17
(14,19) 9
(30,20) 17
(17,32) 8
(19,17) 9
(10,19) 9
(0,18) 14
(7,18) 17
(27,19) 9
(12,18) 17
(1,19) 9
(17,22) 17
(3,19) 9
(13,19) 9
(14,20) 9
(18,21) 9
(4,20) 17
(17,34) 17
(15,17) 9
(6,19) 9
(18,32) 14
(21,22) 21
(27,18) 17
(18,34) 17
(32,18) 17
(6,20) 17
(5,20) 17
(33,19) 9
(11,20) 17
(10,20) 17
(25,20) 17
(31,20) 17
(21,17) 16
(26,19) 9
(17,17) 9
(23,18) 17