fruittype 1
bgcolor (0,0,0)
fillcolor (0,0,0)
edgelightcolor (0,0,255)
edgeshadowcolor (0,0,255)
pelletcolor (255,255,255)

(12,1) 16
(12,11) 16
(4,8) 26
(3,0) 17
(2,8) 17
(9,8) 17
(8,0) 24
(0,7) 16
(8,10) 16
(0,10) 16
(8,5) 16
(5,8) 17
(4,0) 24
(10,8) 17
(9,0) 17
(12,6) 16
(3,12) 17
(5,0) 17
(0,4) 22
(10,0) 17
(12,3) 16
(4,10) 16
(12,12) 21
(8,2) 16
(4,5) 16
(6,0) 17
(1,4) 17
(0,12) 19
(11,0) 17
(8,7) 16
(12,10) 16
(4,2) 16
(0,1) 16
(8,9) 16
(7,0) 17
(6,8) 17
(1,12) 17
(12,0) 20
(11,8) 17
(8,12) 25
(0,6) 16
(0,9) 16
(3,4) 17
(2,4) 17
(9,12) 17
(8,4) 26
(4,7) 16
(12,5) 16
(4,12) 25
(2,12) 17
(9,4) 17
(0,3) 16
(12,2) 16
(4,9) 16
(8,1) 16
(12,9) 16
(5,12) 17
(4,4) 26
(10,12) 17
(0,11) 16
(12,4) 23
(8,6) 16
(4,1) 16
(8,11) 16
(6,4) 17
(5,4) 17
(0,0) 18
(11,4) 17
(10,4) 17
(7,4) 17
(12,7) 16
(0,5) 16
(7,12) 17
(6,12) 17
(1,0) 17
(0,8) 22
(11,12) 17
(4,11) 16
(8,3) 16
(4,6) 16
(7,8) 17
(3,8) 17
(2,0) 17
(1,8) 17
(8,8) 26
(4,3) 16
(12,8) 23
(0,2) 16