fruittype 1
bgcolor (0,0,0)
fillcolor (0,0,0)
edgelightcolor (0,0,255)
edgeshadowcolor (0,0,255)
pelletcolor (255,255,255)

(16,6) 16
(6,16) 17
(12,1) 16
(8,7) 16
(4,8) 26
(3,0) 17
(2,8) 17
(9,8) 17
(12,12) 26
(16,1) 16
(0,7) 16
(12,6) 16
(16,16) 21
(1,16) 17
(0,10) 16
(16,14) 16
(8,5) 16
(5,8) 17
(4,0) 24
(15,12) 17
(10,8) 17
(9,0) 17
(0,15) 16
(16,3) 16
(8,10) 16
(4,13) 16
(7,12) 17
(5,0) 17
(0,4) 22
(15,4) 17
(10,0) 17
(8,16) 25
(13,4) 17
(12,3) 16
(4,10) 16
(16,11) 16
(8,0) 24
(8,2) 16
(4,5) 16
(6,0) 17
(1,4) 17
(0,12) 22
(11,0) 17
(3,16) 17
(9,16) 17
(16,0) 20
(5,16) 17
(12,11) 16
(12,10) 16
(4,2) 16
(14,16) 17
(0,1) 16
(12,5) 16
(7,0) 17
(6,8) 17
(1,12) 17
(12,0) 24
(11,8) 17
(10,16) 17
(4,15) 16
(8,12) 26
(0,6) 16
(0,16) 19
(8,15) 16
(0,9) 16
(3,12) 17
(7,8) 17
(2,4) 17
(9,12) 17
(8,4) 26
(11,16) 17
(4,7) 16
(16,8) 23
(13,8) 17
(12,15) 16
(2,16) 17
(0,14) 16
(4,16) 25
(12,13) 16
(16,2) 16
(8,9) 16
(4,12) 26
(15,8) 17
(2,12) 17
(9,4) 17
(12,16) 25
(0,3) 16
(16,7) 16
(12,14) 16
(12,2) 16
(4,9) 16
(16,10) 16
(14,12) 17
(8,1) 16
(12,9) 16
(5,12) 17
(4,4) 26
(15,0) 17
(10,12) 17
(14,4) 17
(15,16) 17
(0,11) 16
(12,4) 26
(16,9) 16
(8,6) 16
(4,1) 16
(8,11) 16
(6,4) 17
(5,4) 17
(0,0) 18
(11,4) 17
(10,4) 17
(16,4) 23
(7,4) 17
(12,7) 16
(13,12) 17
(4,14) 16
(0,5) 16
(14,0) 17
(6,12) 17
(1,0) 17
(0,8) 22
(11,12) 17
(7,16) 17
(4,11) 16
(16,12) 23
(16,13) 16
(8,3) 16
(4,6) 16
(8,13) 16
(3,4) 17
(0,13) 16
(14,8) 17
(3,8) 17
(2,0) 17
(1,8) 17
(8,8) 26
(13,0) 17
(4,3) 16
(16,15) 16
(16,5) 16
(8,14) 16
(12,8) 26
(0,2) 16
(13,16) 17