fruittype 1
bgcolor (0,0,0)
fillcolor (0,0,0)
edgelightcolor (0,0,255)
edgeshadowcolor (0,0,255)
pelletcolor (255,255,255)

(16,6) 16
(7,12) 17
(7,24) 17
(20,20) 24
(19,4) 17
(18,4) 17
(17,20) 17
(16,28) 18
(8,15) 16
(20,7) 16
(36,34) 16
(10,8) 17
(9,0) 17
(8,24) 20
(36,8) 23
(35,0) 17
(34,8) 17
(24,27) 16
(0,11) 16
(36,27) 16
(0,17) 16
(15,20) 17
(16,32) 19
(12,17) 16
(36,22) 16
(1,28) 17
(0,4) 22
(13,20) 17
(12,28) 13
(4,36) 17
(6,0) 17
(5,24) 17
(4,16) 19
(19,24) 17
(16,0) 24
(31,24) 15
(30,16) 17
(28,32) 17
(16,5) 16
(17,18) 3
(11,36) 17
(10,36) 17
(8,12) 20
(22,12) 17
(36,36) 21
(34,20) 17
(33,4) 17
(32,12) 20
(36,5) 16
(36,15) 16
(36,2) 16
(15,16) 17
(13,0) 17
(36,29) 16
(0,27) 16
(24,8) 14
(12,27) 16
(0,14) 16
(4,12) 18
(3,28) 17
(0,36) 19
(15,36) 17
(11,4) 17
(28,12) 18
(16,7) 16
(19,18) 5
(20,21) 16
(8,32) 17
(16,29) 16
(6,32) 17
(20,0) 24
(17,24) 17
(32,16) 21
(36,35) 16
(8,25) 16
(36,9) 16
(10,4) 17
(24,28) 13
(36,4) 23
(35,20) 17
(0,18) 16
(12,18) 16
(36,23) 16
(0,5) 16
(1,0) 17
(0,8) 22
(29,16) 17
(28,24) 18
(27,0) 17
(3,4) 17
(16,1) 16
(22,36) 17
(5,20) 17
(20,28) 20
(19,12) 17
(17,12) 17
(32,36) 17
(31,20) 17
(30,36) 17
(29,36) 17
(6,36) 17
(4,20) 17
(8,13) 16
(12,32) 15
(9,8) 17
(8,0) 17
(32,13) 16
(35,8) 17
(34,0) 17
(33,8) 17
(36,3) 16
(36,30) 16
(1,20) 17
(0,28) 22
(15,12) 17
(13,12) 17
(12,20) 19
(0,15) 16
(16,22) 16
(4,13) 16
(5,0) 17
(4,24) 14
(19,32) 17
(31,0) 17
(30,24) 17
(27,32) 17
(20,22) 16
(16,30) 16
(20,1) 16
(18,17) 2
(7,36) 17
(18,28) 17
(33,28) 17
(32,4) 14
(8,26) 16
(36,10) 16
(34,36) 17
(14,16) 17
(12,0) 17
(11,8) 15
(0,19) 16
(24,16) 20
(12,19) 16
(36,16) 16
(0,6) 16
(33,20) 17
(0,9) 16
(16,21) 16
(28,25) 16
(2,4) 17
(30,12) 17
(28,4) 15
(21,16) 17
(25,36) 17
(16,2) 16
(20,29) 16
(7,16) 17
(6,24) 17
(5,32) 17
(20,8) 21
(19,0) 17
(18,8) 17
(16,24) 19
(31,32) 17
(0,3) 16
(8,14) 16
(6,20) 17
(32,14) 16
(13,36) 17
(21,36) 17
(8,20) 15
(36,12) 16
(35,28) 17
(36,31) 16
(0,29) 16
(0,0) 18
(28,16) 19
(26,0) 17
(16,20) 24
(4,14) 16
(28,14) 16
(6,12) 17
(20,36) 17
(3,36) 17
(2,36) 17
(17,4) 17
(16,12) 17
(11,0) 17
(20,23) 16
(36,20) 23
(16,31) 16
(20,2) 16
(11,32) 17
(8,8) 17
(23,0) 17
(8,27) 16
(32,8) 17
(36,11) 16
(36,6) 16
(0,20) 22
(24,17) 16
(19,36) 17
(12,12) 14
(36,17) 16
(0,7) 16
(24,4) 14
(0,10) 16
(28,26) 16
(5,8) 17
(4,0) 17
(0,32) 16
(31,8) 17
(30,0) 17
(29,8) 17
(26,32) 17
(16,3) 16
(20,30) 16
(22,16) 17
(9,36) 17
(21,12) 17
(20,4) 23
(35,36) 17
(18,20) 17
(17,36) 17
(32,28) 14
(32,15) 16
(36,13) 16
(24,24) 12
(36,24) 16
(0,30) 16
(0,1) 16
(2,28) 17
(14,36) 17
(29,20) 17
(28,28) 13
(24,36) 17
(28,15) 16
(7,8) 17
(4,15) 16
(4,32) 14
(19,8) 17
(18,0) 17
(17,8) 17
(16,16) 15
(30,32) 17
(20,3) 16
(20,32) 21
(18,36) 17
(12,36) 17
(9,4) 17
(8,28) 13
(23,12) 17
(7,32) 17
(35,4) 17
(34,4) 17
(36,7) 16
(0,21) 16
(24,18) 16
(36,18) 16
(0,24) 16
(15,0) 17
(13,16) 17
(12,24) 12
(26,8) 17
(25,0) 17
(28,27) 16
(0,33) 16
(23,36) 17
(4,28) 15
(19,28) 17
(16,4) 22
(30,20) 17
(20,31) 16
(21,20) 17
(16,23) 16
(20,5) 16
(10,32) 17
(22,0) 17
(36,32) 16
(18,32) 17
(32,0) 17
(25,4) 17
(32,20) 17
(36,14) 16
(6,16) 17
(24,25) 16
(14,12) 17
(12,4) 15
(36,25) 16
(0,31) 16
(24,12) 15
(20,16) 14
(0,2) 16
(4,8) 17
(3,0) 17
(2,8) 17
(30,8) 17
(29,0) 17
(28,8) 17
(25,32) 17
(32,32) 15
(8,36) 17
(7,20) 17
(22,20) 17
(5,36) 17
(20,12) 17
(18,12) 17
(17,28) 17
(16,36) 17
(31,36) 17
(19,20) 17
(10,0) 17
(8,16) 21
(36,0) 20
(0,22) 16
(24,19) 16
(36,19) 16
(0,25) 16
(28,36) 17
(12,25) 16
(2,20) 17
(1,4) 17
(0,12) 16
(28,13) 16
(28,20) 14
(27,4) 17
(26,4) 17
(0,34) 16
(7,0) 17
(6,8) 17
(5,16) 17
(20,24) 21
(17,0) 17
(16,8) 19
(31,16) 17
(29,32) 17
(20,6) 16
(18,18) 4
(36,33) 16
(8,4) 14
(34,28) 17
(33,36) 17
(24,26) 16
(36,26) 16
(0,16) 16
(14,0) 17
(12,16) 18
(36,21) 16
(25,8) 17
(24,0) 17
(5,12) 17
(4,4) 15
(3,20) 17
(1,36) 17
(31,12) 17
(29,12) 17
(27,36) 17
(26,36) 17
(9,32) 17
(23,16) 17
(21,0) 17
(18,24) 17
(17,32) 17
(14,20) 17
(36,1) 16
(33,0) 17
(0,23) 16
(24,20) 21
(23,20) 17
(36,28) 23
(0,26) 16
(12,26) 16
(0,13) 16
(3,8) 17
(2,0) 17
(1,8) 17
(29,24) 17
(28,0) 17
(27,8) 17
(0,35) 16
(24,32) 14