fruittype 1
bgcolor (0,0,0)
fillcolor (0,0,0)
edgelightcolor (0,0,255)
edgeshadowcolor (0,0,255)
pelletcolor (255,255,255)

(16,6) 16
(12,1) 16
(12,11) 16
(24,20) 23
(0,20) 22
(7,12) 17
(14,4) 17
(13,4) 17
(20,20) 26
(19,4) 17
(18,4) 17
(0,7) 16
(24,4) 23
(20,7) 16
(0,10) 16
(22,16) 17
(24,19) 16
(12,24) 25
(8,5) 16
(24,11) 16
(5,8) 17
(4,0) 24
(3,24) 17
(10,8) 17
(9,0) 17
(8,24) 25
(4,19) 16
(16,3) 16
(12,6) 16
(12,22) 16
(0,17) 16
(16,9) 16
(24,24) 21
(20,9) 16
(0,4) 22
(15,4) 17
(13,20) 17
(20,4) 26
(18,20) 17
(8,15) 16
(24,18) 16
(4,10) 16
(12,12) 26
(8,2) 16
(21,8) 17
(4,5) 16
(23,8) 17
(8,21) 16
(6,0) 17
(5,24) 17
(4,16) 26
(11,0) 17
(10,24) 17
(9,16) 17
(16,0) 24
(17,20) 17
(20,19) 16
(12,10) 16
(16,5) 16
(16,19) 16
(20,14) 16
(6,8) 17
(0,1) 16
(3,12) 17
(1,12) 17
(8,12) 26
(22,12) 17
(4,15) 16
(20,24) 25
(24,10) 16
(11,8) 17
(8,18) 16
(4,21) 16
(7,8) 17
(6,16) 17
(13,0) 17
(20,16) 26
(19,8) 17
(18,0) 17
(17,8) 17
(16,16) 26
(20,3) 16
(6,4) 17
(0,14) 16
(16,21) 16
(8,9) 16
(24,21) 16
(4,12) 26
(2,12) 17
(9,4) 17
(24,22) 16
(8,23) 16
(16,7) 16
(12,2) 16
(0,21) 16
(16,10) 16
(12,13) 16
(12,9) 16
(1,16) 17
(0,24) 19
(15,0) 17
(17,0) 17
(13,16) 17
(20,0) 24
(24,17) 16
(18,16) 17
(0,11) 16
(8,6) 16
(4,1) 16
(20,6) 16
(15,12) 17
(5,4) 17
(11,4) 17
(10,4) 17
(9,20) 17
(16,4) 26
(12,7) 16
(0,18) 16
(16,23) 16
(12,18) 16
(12,20) 26
(0,5) 16
(24,2) 16
(20,5) 16
(2,24) 17
(1,0) 17
(0,8) 22
(23,24) 17
(22,0) 17
(4,11) 16
(8,3) 16
(24,14) 16
(4,6) 16
(20,10) 16
(16,13) 16
(7,20) 17
(14,8) 17
(7,4) 17
(6,20) 17
(5,20) 17
(12,4) 26
(19,12) 17
(10,20) 17
(17,12) 17
(16,20) 26
(20,15) 16
(12,8) 26
(0,2) 16
(11,16) 17
(8,13) 16
(4,8) 26
(3,0) 17
(2,8) 17
(9,8) 17
(8,0) 24
(24,13) 16
(15,24) 17
(8,19) 16
(24,8) 23
(4,22) 16
(6,12) 17
(16,14) 16
(20,17) 16
(1,20) 17
(16,17) 16
(22,20) 17
(13,12) 17
(20,12) 26
(18,12) 17
(0,15) 16
(16,22) 16
(6,24) 17
(11,12) 17
(23,12) 17
(8,10) 16
(4,13) 16
(24,9) 16
(0,23) 16
(5,0) 17
(4,24) 25
(3,16) 17
(12,17) 16
(9,24) 17
(8,16) 26
(12,3) 16
(0,22) 16
(16,11) 16
(12,14) 16
(24,6) 16
(17,24) 17
(20,1) 16
(2,20) 17
(1,4) 17
(0,12) 22
(24,15) 16
(20,23) 16
(21,4) 17
(7,24) 17
(8,7) 16
(10,0) 17
(21,0) 17
(4,2) 16
(21,12) 17
(7,0) 17
(14,16) 17
(5,16) 17
(12,0) 24
(19,16) 17
(10,16) 17
(0,19) 16
(16,8) 26
(21,20) 17
(20,11) 16
(0,6) 16
(24,3) 16
(12,19) 16
(24,23) 16
(8,22) 16
(0,9) 16
(15,8) 17
(3,4) 17
(2,4) 17
(9,12) 17
(8,4) 26
(23,4) 17
(4,7) 16
(21,16) 17
(15,20) 17
(4,18) 16
(12,16) 26
(16,2) 16
(12,5) 16
(11,24) 17
(24,16) 23
(0,16) 22
(7,16) 17
(14,0) 17
(13,8) 17
(20,8) 26
(19,0) 17
(18,8) 17
(0,3) 16
(16,24) 25
(20,21) 16
(17,16) 17
(20,22) 16
(16,1) 16
(24,0) 20
(4,9) 16
(14,12) 17
(8,1) 16
(5,12) 17
(4,4) 26
(3,20) 17
(10,12) 17
(8,20) 26
(15,16) 17
(4,23) 16
(4,17) 16
(16,15) 16
(24,1) 16
(20,18) 16
(16,18) 16
(12,21) 16
(20,13) 16
(2,16) 17
(1,24) 17
(0,0) 18
(23,16) 17
(22,24) 17
(13,24) 17
(8,14) 16
(18,24) 17
(8,11) 16
(24,12) 23
(23,20) 17
(4,14) 16
(14,24) 17
(11,20) 17
(21,24) 17
(8,17) 16
(14,20) 17
(4,20) 26
(19,20) 17
(12,23) 16
(17,4) 17
(16,12) 26
(19,24) 17
(12,15) 16
(24,5) 16
(24,7) 16
(22,4) 17
(20,2) 16
(0,13) 16
(3,8) 17
(2,0) 17
(1,8) 17
(8,8) 26
(23,0) 17
(22,8) 17
(4,3) 16