fruittype 1
bgcolor (0,0,0)
fillcolor (0,0,0)
edgelightcolor (0,0,255)
edgeshadowcolor (0,0,255)
pelletcolor (255,255,255)

(16,6) 16
(24,29) 16
(20,25) 16
(33,28) 17
(7,12) 17
(24,5) 16
(21,28) 17
(20,20) 26
(19,4) 17
(18,4) 17
(17,20) 17
(16,28) 26
(20,7) 16
(32,31) 16
(36,34) 16
(8,5) 16
(32,2) 16
(13,32) 17
(10,8) 17
(9,0) 17
(8,24) 26
(36,8) 23
(35,0) 17
(34,8) 17
(24,27) 16
(12,6) 16
(36,27) 16
(0,17) 16
(16,9) 16
(32,16) 26
(12,17) 16
(36,22) 16
(1,28) 17
(0,4) 22
(15,4) 17
(13,20) 17
(12,28) 26
(27,28) 17
(26,12) 17
(4,10) 16
(28,31) 16
(4,36) 25
(4,5) 16
(28,10) 16
(6,0) 17
(5,24) 17
(4,16) 26
(19,24) 17
(2,32) 17
(16,0) 24
(31,24) 17
(25,12) 17
(20,19) 16
(28,32) 26
(7,0) 17
(16,19) 16
(20,14) 16
(36,17) 16
(19,32) 17
(32,22) 16
(17,36) 17
(11,36) 17
(21,32) 17
(8,12) 26
(23,28) 17
(22,12) 17
(36,36) 21
(34,20) 17
(8,31) 16
(32,12) 26
(3,32) 17
(8,18) 16
(36,2) 16
(32,34) 16
(24,21) 16
(14,8) 17
(13,0) 17
(12,8) 26
(11,16) 17
(26,24) 17
(25,16) 17
(24,8) 26
(29,20) 17
(12,27) 16
(14,28) 17
(0,14) 16
(6,32) 17
(28,22) 16
(28,29) 16
(4,12) 26
(28,1) 16
(2,12) 17
(0,36) 19
(15,36) 17
(30,4) 17
(29,4) 17
(28,12) 26
(16,7) 16
(20,26) 16
(32,25) 16
(16,10) 16
(20,21) 16
(15,20) 17
(8,32) 26
(7,24) 17
(22,16) 17
(21,8) 17
(20,0) 24
(33,16) 17
(18,16) 17
(17,24) 17
(16,32) 26
(36,25) 16
(36,35) 16
(8,6) 16
(32,3) 16
(8,25) 16
(28,5) 16
(33,0) 17
(11,4) 17
(10,4) 17
(9,20) 17
(24,28) 26
(12,7) 16
(36,4) 23
(35,20) 17
(0,18) 16
(24,15) 16
(12,18) 16
(36,23) 16
(0,5) 16
(24,2) 16
(32,30) 16
(12,29) 16
(2,24) 17
(1,0) 17
(0,8) 22
(23,32) 17
(4,11) 16
(28,24) 26
(27,0) 17
(4,6) 16
(28,11) 16
(3,4) 17
(4,17) 16
(7,4) 17
(6,20) 17
(5,20) 17
(20,28) 26
(19,12) 17
(17,12) 17
(16,20) 26
(31,20) 17
(30,36) 17
(20,15) 16
(6,36) 17
(32,23) 16
(32,1) 16
(8,13) 16
(32,26) 16
(4,33) 16
(12,32) 26
(9,8) 17
(8,0) 24
(23,8) 17
(29,28) 17
(20,30) 16
(35,8) 17
(34,0) 17
(8,19) 16
(20,33) 16
(36,3) 16
(24,22) 16
(33,36) 17
(12,9) 16
(36,30) 16
(1,20) 17
(0,28) 22
(15,12) 17
(8,27) 16
(13,12) 17
(12,20) 26
(27,20) 17
(26,20) 17
(25,4) 17
(24,14) 16
(32,29) 16
(28,23) 16
(4,13) 16
(28,2) 16
(29,16) 17
(5,0) 17
(4,24) 26
(3,16) 17
(1,32) 17
(36,32) 23
(31,0) 17
(30,24) 17
(20,27) 16
(27,32) 17
(16,11) 16
(20,22) 16
(34,16) 17
(8,33) 16
(16,30) 16
(20,1) 16
(33,24) 17
(36,29) 16
(23,20) 17
(24,1) 16
(21,4) 17
(6,28) 17
(18,28) 17
(8,7) 16
(32,4) 26
(8,26) 16
(33,32) 17
(10,36) 17
(36,10) 16
(34,36) 17
(15,24) 17
(14,16) 17
(12,0) 24
(11,8) 17
(10,16) 17
(0,19) 16
(24,16) 26
(12,19) 16
(36,16) 23
(0,6) 16
(24,3) 16
(4,34) 16
(12,30) 16
(8,22) 16
(0,9) 16
(15,8) 17
(28,25) 16
(2,4) 17
(30,12) 17
(4,7) 16
(28,4) 26
(5,32) 17
(25,36) 17
(4,18) 16
(16,2) 16
(20,29) 16
(36,21) 16
(16,21) 16
(6,24) 17
(21,16) 17
(20,8) 26
(19,0) 17
(18,8) 17
(17,16) 17
(16,24) 26
(31,32) 17
(25,8) 17
(16,1) 16
(32,27) 16
(12,33) 16
(22,36) 17
(8,1) 16
(32,14) 16
(7,16) 17
(29,8) 17
(10,12) 17
(9,28) 17
(8,20) 26
(16,33) 16
(15,16) 17
(36,12) 23
(35,28) 17
(34,12) 17
(24,23) 16
(12,10) 16
(36,31) 16
(0,29) 16
(24,10) 16
(32,33) 16
(12,21) 16
(2,16) 17
(1,24) 17
(0,0) 18
(0,31) 16
(13,24) 17
(28,16) 26
(27,24) 17
(26,0) 17
(32,36) 25
(4,14) 16
(28,3) 16
(24,35) 16
(4,25) 16
(28,14) 16
(33,12) 17
(6,12) 17
(5,28) 17
(4,20) 26
(19,20) 17
(2,36) 17
(17,4) 17
(16,12) 26
(31,28) 17
(36,13) 16
(20,23) 16
(36,20) 23
(8,34) 16
(16,31) 16
(20,2) 16
(23,36) 17
(32,18) 16
(11,32) 17
(8,8) 26
(23,0) 17
(22,8) 17
(24,33) 16
(34,24) 17
(8,14) 16
(32,8) 26
(13,36) 17
(36,11) 16
(30,16) 17
(24,30) 16
(12,1) 16
(36,6) 16
(0,20) 22
(24,17) 16
(14,4) 17
(13,4) 17
(12,12) 26
(11,28) 17
(26,28) 17
(0,7) 16
(24,4) 26
(12,31) 16
(0,10) 16
(0,30) 16
(28,26) 16
(4,35) 16
(32,35) 16
(5,8) 17
(4,0) 24
(3,24) 17
(0,32) 22
(31,8) 17
(30,0) 17
(4,19) 16
(1,36) 17
(36,9) 16
(26,32) 17
(16,3) 16
(3,36) 17
(29,12) 17
(28,35) 16
(16,22) 16
(16,29) 16
(20,9) 16
(9,36) 17
(7,28) 17
(22,28) 17
(21,12) 17
(20,4) 26
(35,36) 17
(18,20) 17
(8,15) 16
(32,28) 26
(12,34) 16
(8,2) 16
(32,15) 16
(32,13) 16
(8,21) 16
(14,24) 17
(30,8) 17
(11,0) 17
(10,24) 17
(9,16) 17
(24,24) 26
(29,0) 17
(12,11) 16
(36,24) 23
(35,16) 17
(28,17) 16
(24,11) 16
(12,22) 16
(16,17) 16
(0,1) 16
(3,12) 17
(2,28) 17
(1,12) 17
(14,36) 17
(4,15) 16
(28,28) 26
(27,12) 17
(33,8) 17
(24,36) 25
(4,26) 16
(28,15) 16
(36,5) 16
(0,11) 16
(4,21) 16
(29,36) 17
(7,8) 17
(6,16) 17
(21,24) 17
(20,16) 26
(19,8) 17
(18,0) 17
(17,8) 17
(16,16) 26
(30,32) 17
(20,3) 16
(21,36) 17
(20,32) 26
(19,36) 17
(32,5) 16
(18,36) 17
(8,9) 16
(32,6) 16
(12,36) 25
(33,4) 17
(9,4) 17
(8,28) 26
(23,12) 17
(7,32) 17
(35,4) 17
(34,4) 17
(24,31) 16
(12,2) 16
(36,7) 16
(0,21) 16
(24,18) 16
(12,13) 16
(36,18) 16
(1,16) 17
(0,24) 22
(15,0) 17
(13,16) 17
(12,24) 26
(27,16) 17
(26,8) 17
(25,0) 17
(28,27) 16
(4,1) 16
(28,6) 16
(0,33) 16
(6,4) 17
(5,4) 17
(4,28) 26
(19,28) 17
(16,35) 16
(16,4) 26
(31,4) 17
(30,20) 17
(20,31) 16
(5,36) 17
(16,23) 16
(24,34) 16
(7,36) 17
(20,10) 16
(16,26) 16
(8,35) 16
(20,5) 16
(10,32) 17
(33,20) 17
(23,24) 17
(22,0) 17
(12,35) 16
(29,32) 17
(18,32) 17
(8,3) 16
(32,0) 24
(0,15) 16
(16,13) 16
(16,36) 25
(36,14) 16
(22,32) 17
(24,25) 16
(14,12) 17
(28,34) 16
(12,4) 26
(11,20) 17
(10,20) 17
(25,20) 17
(24,12) 26
(12,23) 16
(4,32) 26
(0,2) 16
(28,18) 16
(4,8) 26
(3,0) 17
(2,8) 17
(15,32) 17
(0,27) 16
(4,27) 16
(28,8) 26
(17,32) 17
(25,32) 17
(32,32) 26
(4,22) 16
(16,14) 16
(28,36) 25
(20,17) 16
(20,36) 25
(8,36) 25
(7,20) 17
(22,20) 17
(21,20) 17
(20,12) 26
(18,12) 17
(17,28) 17
(32,20) 26
(31,36) 17
(36,1) 16
(3,20) 17
(8,10) 16
(32,7) 16
(10,28) 17
(8,29) 16
(25,28) 17
(29,24) 17
(10,0) 17
(9,24) 17
(8,16) 26
(32,21) 16
(32,19) 16
(12,3) 16
(32,10) 16
(36,26) 16
(0,22) 16
(24,19) 16
(12,14) 16
(36,19) 16
(0,25) 16
(24,6) 16
(12,25) 16
(2,20) 17
(1,4) 17
(0,12) 22
(28,13) 16
(13,28) 17
(28,20) 26
(27,4) 17
(26,4) 17
(4,2) 16
(28,7) 16
(0,34) 16
(4,29) 16
(16,5) 16
(6,8) 17
(5,16) 17
(20,24) 26
(19,16) 17
(17,0) 17
(16,8) 26
(31,16) 17
(20,11) 16
(16,27) 16
(20,6) 16
(3,28) 17
(36,0) 20
(36,33) 16
(28,33) 16
(9,12) 17
(8,4) 26
(23,4) 17
(35,24) 17
(20,35) 16
(35,12) 17
(34,28) 17
(8,23) 16
(34,32) 17
(36,15) 16
(24,26) 16
(16,34) 16
(12,5) 16
(32,9) 16
(0,16) 22
(24,13) 16
(14,0) 17
(13,8) 17
(12,16) 26
(11,24) 17
(26,16) 17
(0,3) 16
(24,0) 24
(25,24) 17
(4,31) 16
(28,19) 16
(20,34) 16
(3,8) 17
(4,9) 16
(28,30) 16
(5,12) 17
(4,4) 26
(28,9) 16
(24,9) 16
(31,12) 17
(30,28) 17
(4,23) 16
(27,36) 17
(26,36) 17
(16,15) 16
(20,18) 16
(16,18) 16
(16,25) 16
(20,13) 16
(9,32) 17
(23,16) 17
(22,24) 17
(21,0) 17
(35,32) 17
(18,24) 17
(8,11) 16
(32,24) 26
(8,30) 16
(32,11) 16
(8,17) 16
(14,20) 17
(11,12) 17
(15,28) 17
(0,23) 16
(24,20) 26
(32,17) 16
(12,15) 16
(36,28) 23
(0,26) 16
(24,7) 16
(22,4) 17
(12,26) 16
(0,13) 16
(28,21) 16
(2,0) 17
(1,8) 17
(14,32) 17
(4,3) 16
(28,0) 24
(27,8) 17
(0,35) 16
(24,32) 26
(4,30) 16