fruittype 1
bgcolor (0,0,0)
fillcolor (0,0,0)
edgelightcolor (0,0,255)
edgeshadowcolor (0,0,255)
pelletcolor (255,255,255)

(16,6) 16
(6,28) 17
(21,28) 17
(20,20) 18
(19,4) 17
(18,4) 17
(16,28) 17
(9,0) 17
(8,24) 21
(12,6) 16
(0,17) 16
(1,28) 17
(0,4) 16
(12,28) 17
(27,28) 17
(4,10) 16
(28,27) 16
(4,5) 16
(28,10) 16
(6,0) 17
(5,24) 17
(4,16) 15
(16,0) 17
(0,7) 16
(16,5) 16
(20,14) 16
(8,12) 18
(23,28) 17
(25,0) 17
(15,16) 17
(13,0) 17
(12,8) 13
(11,16) 17
(25,16) 17
(24,8) 23
(0,14) 16
(28,22) 16
(28,1) 16
(28,12) 16
(16,7) 16
(20,21) 16
(7,24) 17
(21,8) 17
(20,0) 17
(18,16) 17
(14,28) 17
(11,4) 17
(10,4) 17
(24,28) 17
(12,7) 16
(0,18) 16
(0,5) 16
(1,0) 17
(0,8) 16
(4,11) 13
(28,24) 16
(27,0) 17
(4,6) 16
(28,11) 16
(6,20) 17
(5,20) 17
(20,28) 17
(19,12) 17
(17,12) 17
(16,20) 12
(20,15) 16
(8,4) 14
(15,0) 17
(8,13) 16
(8,0) 17
(23,8) 17
(0,28) 19
(24,9) 16
(12,20) 12
(0,15) 16
(28,23) 16
(28,2) 16
(5,0) 17
(4,24) 14
(3,16) 17
(20,22) 16
(23,20) 17
(18,28) 17
(15,24) 17
(14,16) 17
(12,0) 17
(10,16) 17
(0,19) 16
(24,16) 14
(0,6) 16
(8,22) 16
(0,9) 16
(28,25) 16
(4,7) 16
(28,4) 16
(16,21) 16
(6,24) 17
(20,8) 14
(19,0) 17
(17,16) 17
(16,24) 21
(0,3) 16
(8,14) 16
(10,12) 17
(9,28) 17
(8,20) 20
(24,10) 16
(12,21) 16
(2,16) 17
(0,0) 18
(13,24) 17
(28,16) 23
(26,0) 17
(28,3) 16
(28,14) 16
(5,28) 17
(4,20) 14
(17,4) 17
(16,12) 14
(20,23) 16
(23,0) 17
(22,8) 17
(0,20) 16
(12,12) 15
(11,28) 17
(26,28) 17
(24,4) 12
(0,10) 16
(28,26) 16
(5,8) 17
(4,0) 17
(28,5) 16
(16,22) 16
(7,28) 17
(22,28) 17
(20,4) 15
(8,15) 16
(8,21) 16
(14,24) 17
(11,0) 17
(9,16) 17
(24,24) 15
(24,11) 13
(12,22) 16
(0,1) 16
(28,17) 16
(2,28) 17
(28,28) 21
(28,15) 16
(7,8) 15
(21,24) 17
(20,16) 21
(18,0) 17
(16,16) 17
(9,4) 17
(8,28) 17
(0,21) 16
(1,16) 17
(0,24) 16
(24,5) 16
(13,16) 17
(12,24) 19
(27,16) 17
(0,11) 16
(28,6) 16
(4,28) 17
(19,28) 17
(16,4) 18
(16,23) 16
(23,24) 17
(22,0) 17
(12,4) 20
(12,23) 16
(0,2) 16
(28,18) 16
(4,8) 22
(3,0) 17
(28,8) 16
(7,20) 17
(22,20) 17
(21,20) 17
(20,12) 20
(18,12) 17
(0,27) 16
(0,23) 16
(10,0) 17
(8,16) 19
(0,22) 16
(0,25) 16
(24,6) 16
(0,12) 16
(28,13) 16
(13,28) 17
(28,20) 16
(28,7) 16
(15,28) 17
(7,0) 17
(6,8) 17
(20,24) 19
(19,16) 17
(17,0) 17
(16,8) 13
(8,23) 16
(3,28) 17
(9,12) 17
(12,5) 16
(0,16) 22
(14,0) 17
(12,16) 17
(26,16) 17
(24,0) 17
(28,19) 16
(28,21) 16
(4,9) 16
(4,4) 12
(28,9) 16
(20,13) 16
(22,24) 17
(21,0) 17
(17,28) 17
(11,12) 17
(10,28) 17
(25,28) 17
(24,20) 15
(0,26) 16
(24,7) 16
(0,13) 16
(2,0) 17
(28,0) 20