fruittype 2
bgcolor (0,0,0)
fillcolor (128,0,255)
edgelightcolor (85,0,170)
edgeshadowcolor (85,0,170)
pelletcolor (255,255,255)

(7,3) 9
(31,6) 16
(8,4) 16
(19,19) 9
(16,6) 13
(16,9) 4
(24,5) 21
(32,4) 6
(19,4) 9
(18,4) 9
(17,20) 9
(22,19) 13
(21,9) 9
(20,7) 14
(18,19) 13
(13,16) 9
(22,6) 9
(21,6) 9
(8,5) 19
(23,7) 9
(10,8) 13
(2,14) 9
(29,17) 19
(11,5) 9
(10,7) 18
(9,21) 17
(32,17) 15
(14,18) 16
(10,18) 16
(0,17) 14
(15,11) 9
(14,1) 17
(23,21) 17
(12,17) 17
(31,10) 16
(26,17) 9
(0,4) 6
(24,1) 17
(13,20) 9
(5,3) 9
(1,1) 16
(4,19) 10
(4,18) 9
(4,10) 9
(3,2) 9
(27,1) 17
(19,21) 17
(5,11) 17
(4,5) 17
(28,10) 9
(27,5) 17
(31,15) 21
(29,11) 15
(26,7) 15
(16,0) 7
(5,21) 17
(20,19) 12
(19,13) 17
(17,13) 9
(16,19) 11
(24,4) 16
(21,18) 9
(32,3) 15
(18,10) 21
(17,18) 9
(23,19) 9
(0,18) 6
(21,15) 17
(8,12) 12
(22,12) 12
(9,9) 9
(23,9) 9
(10,14) 9
(8,18) 9
(14,21) 17
(26,11) 14
(9,19) 9
(15,16) 9
(14,8) 18
(11,16) 9
(1,21) 16
(25,16) 9
(24,8) 13
(13,13) 17
(6,4) 16
(25,5) 9
(3,11) 14
(27,6) 9
(26,2) 9
(24,21) 17
(4,12) 9
(28,1) 17
(27,11) 17
(27,14) 9
(30,4) 9
(29,4) 9
(28,12) 9
(15,22) 13
(7,2) 9
(31,1) 16
(3,21) 18
(19,18) 9
(1,11) 16
(15,13) 9
(16,10) 17
(20,21) 25
(18,5) 18
(17,11) 9
(22,16) 9
(18,16) 9
(22,18) 16
(22,7) 20
(21,5) 9
(11,15) 17
(8,6) 9
(23,6) 9
(22,10) 15
(10,9) 9
(9,7) 9
(2,13) 9
(11,4) 9
(9,20) 9
(14,19) 13
(12,7) 15
(11,9) 9
(10,19) 13
(5,14) 9
(15,10) 17
(14,6) 13
(12,18) 9
(1,19) 20
(0,5) 14
(24,2) 9
(13,19) 9
(31,8) 16
(1,0) 12
(25,3) 9
(4,11) 17
(5,5) 17
(2,7) 17
(5,10) 9
(4,6) 9
(28,11) 17
(6,1) 17
(30,2) 9
(29,10) 9
(24,20) 9
(2,6) 9
(2,4) 9
(7,4) 9
(6,20) 9
(30,17) 17
(19,12) 9
(17,12) 9
(7,17) 12
(31,20) 16
(25,14) 9
(20,15) 14
(19,1) 17
(18,11) 9
(7,6) 9
(23,18) 9
(21,14) 9
(6,10) 9
(8,13) 13
(22,13) 13
(30,12) 9
(9,8) 9
(23,8) 9
(10,15) 17
(8,19) 15
(28,4) 9
(11,14) 9
(9,18) 9
(15,19) 9
(14,9) 16
(12,9) 12
(26,13) 11
(1,20) 16
(24,9) 9
(13,12) 9
(12,20) 16
(27,20) 9
(26,20) 9
(25,4) 9
(24,14) 9
(3,10) 9
(6,6) 9
(26,3) 12
(7,21) 17
(4,13) 15
(28,2) 9
(27,10) 9
(29,16) 16
(29,3) 15
(28,13) 14
(30,13) 9
(3,5) 14
(31,0) 12
(15,2) 9
(16,11) 9
(6,18) 9
(18,2) 9
(17,10) 17
(22,17) 24
(7,13) 9
(20,1) 17
(18,17) 18
(16,2) 9
(24,15) 15
(15,4) 9
(21,4) 9
(8,7) 20
(23,1) 17
(22,11) 10
(30,15) 17
(30,22) 7
(9,6) 9
(11,7) 17
(10,5) 15
(14,16) 9
(10,16) 9
(0,19) 14
(24,16) 9
(13,5) 17
(7,5) 9
(26,12) 9
(25,13) 9
(24,3) 12
(13,18) 9
(12,19) 12
(1,7) 22
(25,2) 9
(24,13) 13
(3,4) 9
(27,3) 9
(5,9) 14
(4,7) 15
(5,7) 9
(31,9) 16
(5,6) 9
(29,9) 11
(12,16) 9
(7,7) 17
(6,21) 17
(5,19) 13
(17,3) 17
(7,16) 9
(21,16) 9
(2,22) 7
(18,8) 20
(17,16) 9
(28,19) 10
(25,8) 9
(8,14) 9
(30,3) 10
(22,2) 16
(25,21) 17
(9,15) 17
(8,1) 17
(23,11) 9
(30,14) 9
(10,12) 12
(21,13) 9
(14,20) 9
(11,1) 17
(4,17) 9
(15,18) 9
(14,14) 9
(12,10) 23
(11,18) 9
(24,10) 11
(13,11) 9
(12,21) 25
(26,15) 14
(26,21) 17
(25,11) 9
(3,13) 14
(1,13) 16
(24,12) 12
(4,14) 9
(28,3) 14
(2,10) 9
(30,10) 9
(29,2) 9
(28,14) 9
(21,17) 17
(6,12) 9
(29,15) 18
(19,20) 9
(17,4) 9
(16,12) 12
(6,19) 9
(4,20) 9
(18,3) 17
(17,9) 5
(26,10) 9
(20,2) 9
(18,14) 9
(32,18) 6
(22,5) 14
(21,3) 9
(3,22) 13
(15,21) 20
(8,8) 13
(32,5) 15
(22,8) 13
(16,15) 24
(9,5) 17
(29,21) 20
(30,9) 9
(11,6) 9
(10,2) 16
(14,17) 20
(12,1) 17
(11,11) 9
(10,17) 24
(28,18) 9
(24,17) 9
(14,4) 9
(13,4) 9
(12,12) 9
(1,17) 17
(25,12) 9
(15,1) 21
(13,17) 17
(26,14) 9
(1,6) 16
(25,1) 17
(1,14) 16
(3,7) 17
(27,2) 9
(26,6) 9
(15,14) 9
(5,8) 9
(28,5) 17
(31,12) 16
(31,21) 16
(6,7) 14
(30,0) 7
(29,8) 9
(16,3) 24
(31,5) 18
(5,18) 16
(19,14) 9
(20,14) 9
(17,2) 9
(7,19) 19
(31,22) 13
(20,9) 12
(19,3) 17
(18,9) 16
(27,15) 20
(21,12) 9
(20,4) 9
(18,20) 9
(8,15) 14
(9,17) 14
(22,3) 13
(9,14) 9
(8,2) 9
(10,13) 13
(9,3) 9
(8,21) 17
(9,16) 9
(14,15) 14
(12,11) 13
(11,21) 17
(28,17) 9
(24,11) 9
(14,2) 9
(13,10) 9
(2,17) 17
(26,18) 9
(25,10) 9
(6,9) 15
(3,12) 9
(26,1) 17
(1,12) 16
(4,15) 9
(3,1) 19
(2,11) 9
(15,15) 17
(30,11) 9
(29,1) 21
(28,15) 9
(31,13) 16
(31,2) 16
(29,14) 9
(7,8) 9
(6,16) 9
(20,16) 9
(17,8) 14
(16,16) 16
(21,21) 17
(20,3) 15
(18,15) 15
(27,12) 9
(32,19) 15
(21,2) 9
(8,9) 9
(23,3) 9
(22,9) 9
(16,14) 1
(10,3) 13
(12,2) 9
(11,10) 17
(24,18) 9
(14,5) 20
(13,3) 17
(12,13) 14
(28,16) 9
(15,0) 12
(16,4) 16
(11,19) 9
(27,16) 16
(1,5) 20
(16,22) 7
(3,6) 9
(2,2) 9
(1,10) 16
(4,1) 17
(28,6) 9
(31,11) 16
(5,4) 9
(29,7) 17
(20,20) 16
(6,13) 11
(7,1) 17
(6,11) 15
(5,17) 16
(19,17) 17
(17,1) 19
(7,18) 16
(31,17) 17
(20,10) 22
(19,2) 9
(18,6) 13
(17,22) 13
(21,11) 9
(20,5) 15
(31,19) 18
(18,21) 17
(8,3) 12
(23,5) 17
(10,10) 14
(9,2) 9
(16,13) 13
(7,20) 9
(11,3) 9
(14,12) 12
(12,4) 9
(11,20) 9
(10,20) 9
(25,20) 9
(15,9) 3
(14,3) 17
(26,19) 9
(25,9) 9
(3,19) 11
(3,15) 20
(1,3) 21
(10,1) 24
(29,22) 13
(4,8) 9
(3,0) 12
(2,8) 9
(30,8) 9
(29,0) 12
(28,8) 9
(29,19) 11
(6,2) 9
(29,13) 15
(31,3) 19
(7,11) 9
(6,17) 9
(22,14) 9
(20,17) 17
(19,11) 9
(18,1) 17
(17,15) 17
(16,17) 13
(22,20) 9
(21,20) 9
(20,12) 9
(18,12) 12
(23,17) 15
(21,1) 17
(4,16) 9
(27,21) 17
(8,20) 9
(8,10) 11
(23,2) 9
(15,12) 9
(9,11) 9
(23,15) 17
(7,9) 9
(12,3) 14
(11,13) 9
(24,19) 14
(14,10) 19
(13,2) 9
(12,14) 9
(25,18) 16
(15,3) 17
(27,19) 13
(26,9) 14
(25,7) 17
(3,16) 16
(3,9) 11
(2,3) 10
(1,9) 16
(4,2) 9
(28,7) 14
(27,9) 15
(6,5) 21
(30,6) 9
(29,6) 9
(8,16) 9
(16,5) 16
(31,7) 23
(5,16) 16
(19,16) 9
(6,15) 15
(17,0) 12
(16,8) 8
(25,19) 21
(20,11) 13
(19,5) 17
(17,21) 18
(17,17) 9
(21,10) 17
(18,18) 16
(22,1) 24
(21,7) 17
(2,12) 9
(10,11) 10
(9,1) 17
(15,20) 9
(4,21) 17
(11,2) 9
(10,6) 9
(1,15) 19
(7,14) 9
(14,13) 21
(12,5) 14
(10,21) 17
(15,8) 15
(5,1) 17
(26,16) 9
(0,3) 14
(13,21) 17
(3,14) 9
(1,2) 16
(28,21) 17
(3,17) 21
(3,3) 14
(2,9) 9
(2,0) 7
(5,12) 9
(4,4) 9
(26,5) 19
(6,3) 12
(29,12) 9
(16,7) 2
(7,10) 9
(24,6) 9
(20,18) 9
(19,10) 9
(6,14) 9
(17,14) 9
(16,18) 9
(22,21) 17
(21,19) 9
(20,13) 15
(18,13) 19
(17,19) 9
(23,16) 9
(8,11) 9
(22,15) 17
(31,14) 16
(27,17) 16
(2,15) 17
(23,14) 9
(16,20) 9
(7,12) 9
(6,8) 9
(8,17) 9
(26,8) 9
(11,12) 9
(15,17) 9
(14,11) 9
(13,1) 17
(12,15) 15
(11,17) 17
(1,22) 13
(25,17) 12
(24,7) 18
(23,20) 9
(13,14) 9
(5,2) 9
(27,18) 16
(25,6) 9
(3,8) 9
(27,7) 9
(1,8) 16
(28,20) 9
(5,15) 18
(4,3) 15
(27,8) 9
(27,4) 9
(5,20) 9
(30,7) 17
(29,5) 15
(26,4) 16