fruittype 1
bgcolor (0,0,0)
fillcolor (0,0,0)
edgelightcolor (0,0,255)
edgeshadowcolor (0,0,255)
pelletcolor (255,255,255)

(7,3) 14
(6,9) 9
(16,6) 9
(16,9) 9
(20,20) 20
(19,4) 16
(18,4) 9
(17,20) 9
(18,19) 16
(8,5) 9
(10,8) 9
(9,0) 12
(11,5) 13
(10,7) 9
(9,21) 9
(14,18) 9
(12,6) 9
(11,22) 9
(10,18) 16
(15,11) 21
(14,1) 17
(13,7) 25
(12,17) 17
(15,4) 16
(13,20) 9
(1,1) 18
(4,10) 9
(3,2) 9
(2,6) 9
(5,11) 19
(4,5) 17
(3,23) 9
(4,16) 9
(19,24) 17
(7,5) 12
(6,23) 17
(5,21) 17
(19,13) 24
(17,13) 14
(16,19) 15
(17,18) 9
(8,12) 16
(8,22) 9
(9,9) 17
(8,18) 9
(14,21) 14
(11,15) 17
(9,19) 9
(15,16) 16
(14,8) 9
(12,8) 9
(1,21) 9
(16,8) 9
(13,13) 9
(2,18) 16
(3,11) 21
(2,1) 17
(1,15) 16
(4,12) 9
(5,1) 17
(3,17) 15
(7,2) 9
(17,6) 9
(7,15) 9
(20,21) 16
(19,7) 16
(18,5) 9
(17,11) 19
(18,16) 9
(17,24) 17
(8,6) 9
(10,9) 17
(9,7) 15
(11,4) 16
(10,4) 9
(9,20) 9
(14,19) 9
(12,7) 17
(11,9) 17
(10,19) 16
(15,10) 16
(14,6) 9
(13,6) 16
(12,18) 9
(15,7) 15
(13,19) 15
(2,24) 17
(4,11) 9
(3,5) 14
(2,7) 9
(5,10) 16
(4,6) 9
(3,22) 9
(6,1) 17
(5,7) 14
(4,17) 9
(7,4) 9
(6,20) 9
(5,20) 9
(7,21) 9
(7,17) 14
(19,1) 20
(18,11) 17
(7,6) 16
(18,22) 11
(8,13) 19
(9,8) 9
(10,15) 17
(8,19) 20
(9,18) 9
(15,19) 14
(14,9) 9
(12,9) 17
(11,19) 9
(1,20) 17
(13,12) 9
(12,20) 16
(2,19) 16
(16,22) 9
(3,10) 16
(1,14) 16
(4,13) 9
(2,13) 17
(4,24) 21
(17,7) 11
(6,15) 15
(19,21) 9
(17,5) 15
(7,14) 9
(6,18) 9
(20,22) 16
(19,6) 16
(18,2) 9
(17,10) 16
(18,17) 24
(7,7) 25
(8,7) 17
(9,6) 9
(11,7) 14
(10,5) 9
(14,16) 9
(11,8) 9
(10,16) 1
(15,21) 17
(14,7) 17
(13,5) 12
(12,19) 18
(15,6) 9
(13,18) 9
(1,7) 16
(16,21) 15
(3,4) 9
(2,4) 9
(5,9) 12
(4,7) 9
(6,6) 9
(5,6) 9
(4,18) 9
(16,2) 9
(6,21) 15
(5,19) 15
(19,15) 16
(17,3) 11
(7,16) 9
(18,8) 9
(17,16) 9
(16,24) 19
(15,13) 15
(16,23) 20
(16,1) 17
(9,15) 17
(8,1) 17
(10,12) 4
(8,20) 16
(11,1) 19
(9,17) 17
(15,18) 9
(11,18) 9
(10,22) 9
(15,15) 20
(13,11) 9
(12,21) 13
(2,16) 9
(1,24) 17
(3,13) 15
(1,13) 24
(16,20) 9
(4,14) 9
(5,15) 18
(3,19) 9
(4,20) 9
(19,20) 17
(17,4) 9
(16,12) 9
(6,19) 9
(20,23) 16
(19,9) 21
(18,3) 10
(17,9) 18
(18,14) 9
(17,17) 14
(8,8) 9
(16,15) 9
(9,5) 13
(11,6) 9
(10,2) 9
(14,17) 9
(12,1) 17
(11,11) 14
(10,17) 24
(0,20) 18
(15,20) 9
(14,4) 9
(13,4) 9
(12,12) 16
(1,17) 19
(15,1) 17
(13,17) 15
(2,22) 11
(1,6) 16
(3,7) 11
(2,5) 9
(1,11) 17
(7,22) 9
(5,8) 9
(3,24) 17
(6,7) 17
(5,5) 21
(4,19) 14
(16,3) 9
(6,10) 9
(5,18) 9
(19,14) 16
(17,2) 9
(7,19) 14
(19,3) 16
(18,9) 17
(17,23) 9
(18,20) 19
(8,15) 14
(8,2) 9
(10,13) 17
(9,3) 20
(8,21) 13
(11,0) 12
(10,24) 7
(14,15) 14
(12,11) 20
(11,21) 9
(14,2) 9
(13,10) 9
(12,22) 9
(2,17) 24
(13,23) 17
(4,15) 9
(3,1) 17
(2,11) 17
(7,23) 17
(3,18) 9
(6,13) 15
(4,21) 14
(19,23) 9
(7,8) 9
(6,16) 9
(19,8) 16
(16,4) 9
(17,8) 9
(16,16) 9
(18,15) 9
(8,9) 17
(9,4) 16
(7,11) 9
(10,3) 9
(14,22) 9
(12,2) 9
(0,21) 16
(15,23) 17
(14,5) 9
(13,3) 15
(12,13) 21
(1,16) 16
(0,24) 19
(13,16) 9
(2,23) 9
(1,5) 16
(0,11) 14
(3,6) 9
(2,2) 9
(4,1) 17
(6,4) 9
(5,4) 16
(7,1) 17
(6,11) 15
(5,17) 13
(19,17) 21
(17,1) 17
(7,18) 9
(19,2) 16
(18,6) 9
(17,22) 9
(18,21) 9
(9,13) 17
(8,3) 17
(10,10) 2
(9,2) 9
(16,13) 9
(7,20) 9
(11,3) 18
(9,23) 20
(12,4) 9
(11,20) 9
(10,20) 16
(15,9) 12
(14,3) 9
(13,9) 15
(12,23) 17
(13,22) 9
(3,15) 11
(1,3) 16
(4,8) 9
(2,8) 9
(5,13) 14
(3,21) 9
(6,2) 9
(4,22) 9
(19,22) 10
(16,14) 9
(6,17) 9
(5,23) 17
(19,11) 17
(18,1) 17
(17,15) 11
(16,17) 9
(20,12) 6
(9,11) 15
(10,0) 7
(9,24) 13
(15,17) 13
(14,23) 17
(12,3) 17
(11,13) 17
(0,22) 16
(15,22) 9
(14,10) 9
(13,2) 9
(1,23) 9
(15,3) 12
(13,15) 9
(2,20) 21
(1,4) 16
(0,12) 6
(3,16) 9
(3,9) 20
(2,3) 10
(1,9) 19
(4,2) 9
(2,14) 9
(6,5) 9
(5,3) 12
(16,5) 17
(6,8) 9
(5,16) 16
(20,24) 21
(19,16) 16
(7,13) 9
(20,11) 15
(19,5) 16
(18,7) 9
(17,21) 9
(18,23) 9
(7,9) 14
(18,18) 16
(9,12) 3
(8,4) 9
(10,11) 8
(9,1) 21
(8,23) 17
(11,2) 9
(10,6) 9
(9,22) 9
(16,11) 9
(14,13) 14
(12,5) 9
(11,23) 18
(10,21) 13
(15,8) 9
(13,8) 9
(11,24) 13
(15,5) 19
(13,21) 9
(3,14) 9
(1,2) 16
(4,9) 9
(3,3) 11
(2,9) 17
(4,4) 9
(3,20) 9
(6,3) 9
(4,23) 18
(16,7) 9
(7,10) 9
(6,22) 9
(5,22) 9
(17,14) 9
(16,18) 9
(20,13) 15
(18,13) 17
(17,19) 9
(18,24) 17
(8,11) 18
(7,12) 9
(8,17) 17
(14,20) 9
(11,12) 5
(0,23) 16
(16,10) 9
(14,11) 14
(13,1) 17
(12,15) 15
(11,17) 17
(1,22) 10
(15,2) 9
(13,14) 9
(2,21) 9
(0,13) 14
(3,8) 9
(1,8) 16
(4,3) 9
(2,15) 9
(5,2) 9