fruittype 4
bgcolor (0,0,0)
fillcolor (0,128,0)
edgelightcolor (128,255,0)
edgeshadowcolor (128,255,0)
pelletcolor (0,255,255)

(7,3) 14
(6,9) 9
(19,19) 16
(16,6) 9
(16,9) 9
(19,4) 16
(18,4) 9
(17,20) 9
(18,19) 9
(8,5) 9
(10,8) 9
(9,0) 12
(11,5) 13
(10,7) 9
(9,21) 20
(14,18) 9
(12,6) 9
(11,22) 13
(10,18) 16
(15,11) 21
(14,1) 17
(13,7) 25
(12,17) 17
(0,4) 16
(15,4) 16
(13,20) 9
(1,1) 10
(4,10) 9
(3,2) 9
(2,6) 9
(5,11) 19
(4,5) 17
(7,5) 12
(5,21) 17
(19,13) 24
(17,13) 14
(16,19) 9
(18,10) 10
(17,18) 9
(8,12) 16
(9,9) 17
(10,14) 9
(8,18) 9
(14,21) 17
(11,15) 17
(9,19) 9
(15,16) 16
(14,8) 9
(12,8) 9
(1,21) 19
(16,8) 9
(13,13) 9
(2,18) 9
(3,11) 15
(2,1) 9
(1,15) 16
(4,12) 9
(5,1) 17
(3,17) 13
(7,2) 9
(6,14) 9
(19,18) 16
(17,6) 9
(7,15) 9
(19,7) 16
(18,5) 9
(17,11) 14
(18,16) 9
(8,6) 9
(10,9) 17
(9,7) 15
(11,4) 16
(10,4) 9
(9,20) 9
(14,19) 9
(12,7) 17
(11,9) 17
(10,19) 13
(15,10) 16
(14,6) 9
(13,6) 16
(12,18) 9
(1,19) 16
(0,5) 19
(15,7) 15
(13,19) 15
(1,0) 17
(4,11) 9
(3,5) 19
(2,7) 9
(5,10) 16
(4,6) 9
(6,1) 17
(5,7) 14
(7,4) 9
(6,20) 9
(5,20) 9
(17,12) 9
(7,17) 14
(19,1) 20
(18,11) 17
(7,6) 16
(8,13) 19
(9,8) 9
(10,15) 17
(8,19) 15
(11,14) 9
(9,18) 9
(15,19) 11
(14,9) 9
(12,9) 17
(11,19) 9
(1,20) 16
(15,12) 9
(13,12) 9
(12,20) 9
(2,19) 9
(3,10) 9
(1,14) 16
(4,13) 9
(2,13) 17
(17,7) 12
(6,15) 15
(19,21) 21
(17,5) 21
(7,14) 9
(6,18) 9
(19,6) 16
(18,2) 10
(17,10) 9
(18,17) 9
(7,7) 25
(8,7) 17
(9,6) 9
(11,7) 14
(10,5) 9
(14,16) 9
(11,8) 9
(10,16) 1
(15,21) 17
(14,7) 17
(13,5) 12
(12,19) 14
(1,18) 16
(15,6) 9
(13,18) 9
(1,7) 16
(16,21) 17
(3,4) 16
(2,4) 9
(5,9) 12
(4,7) 9
(6,6) 9
(5,6) 9
(4,18) 9
(16,2) 9
(6,21) 17
(5,19) 11
(19,15) 16
(17,3) 20
(7,16) 9
(18,8) 9
(17,16) 16
(15,13) 15
(8,14) 9
(9,15) 17
(8,1) 17
(10,12) 4
(8,20) 9
(11,1) 19
(9,17) 17
(15,18) 9
(14,14) 9
(11,18) 9
(10,22) 7
(15,15) 20
(13,11) 9
(12,21) 17
(2,16) 9
(0,0) 18
(3,13) 15
(1,13) 24
(16,20) 9
(4,14) 9
(2,10) 10
(5,15) 18
(3,19) 11
(6,12) 9
(4,20) 9
(19,20) 16
(17,4) 16
(16,12) 9
(6,19) 9
(19,9) 16
(18,3) 9
(17,9) 13
(18,14) 9
(17,17) 13
(8,8) 9
(9,5) 13
(11,6) 9
(10,2) 9
(14,17) 9
(12,1) 17
(11,11) 14
(10,17) 24
(15,20) 9
(14,4) 9
(13,4) 9
(12,12) 16
(1,17) 16
(15,1) 17
(13,17) 15
(1,6) 16
(3,7) 12
(2,5) 9
(1,11) 25
(5,8) 9
(4,0) 20
(6,7) 17
(5,5) 21
(4,19) 9
(16,3) 17
(6,10) 9
(5,18) 9
(19,14) 16
(17,2) 9
(7,19) 14
(19,3) 16
(18,9) 9
(18,20) 10
(8,15) 14
(9,14) 9
(8,2) 9
(10,13) 17
(9,3) 20
(8,21) 17
(11,0) 12
(14,15) 14
(12,11) 20
(11,21) 18
(15,14) 9
(14,2) 9
(13,10) 9
(2,17) 9
(0,1) 16
(3,12) 9
(3,1) 9
(2,11) 17
(5,14) 9
(3,18) 9
(6,13) 15
(4,21) 17
(7,8) 9
(6,16) 9
(19,8) 16
(17,8) 16
(7,21) 17
(18,15) 9
(8,9) 17
(9,4) 16
(7,11) 9
(10,3) 9
(12,2) 9
(14,5) 9
(13,3) 15
(12,13) 21
(1,16) 16
(13,16) 9
(1,5) 20
(0,11) 14
(3,6) 9
(2,2) 12
(1,10) 16
(4,1) 19
(6,4) 9
(5,4) 16
(7,1) 17
(6,11) 15
(5,17) 13
(19,17) 16
(17,1) 17
(7,18) 9
(19,2) 16
(18,6) 9
(18,21) 17
(9,13) 17
(8,3) 17
(10,10) 2
(9,2) 9
(16,13) 9
(11,3) 18
(14,12) 9
(12,4) 9
(11,20) 9
(10,20) 9
(15,9) 12
(14,3) 9
(13,9) 15
(0,2) 16
(3,15) 12
(1,3) 9
(4,8) 9
(3,0) 17
(2,8) 9
(5,13) 14
(3,21) 17
(6,2) 9
(16,14) 9
(6,17) 9
(19,11) 25
(18,1) 17
(17,15) 12
(7,20) 9
(20,12) 6
(9,11) 15
(10,0) 7
(15,17) 13
(12,3) 17
(11,13) 17
(14,10) 9
(13,2) 9
(12,14) 9
(15,3) 18
(13,15) 9
(2,20) 10
(1,4) 9
(0,12) 6
(3,16) 16
(3,9) 13
(2,3) 19
(1,9) 16
(4,2) 9
(2,14) 9
(6,5) 9
(5,3) 20
(16,5) 17
(6,8) 9
(5,16) 16
(19,16) 16
(7,13) 9
(20,11) 15
(19,5) 16
(18,7) 9
(17,21) 17
(7,9) 14
(18,18) 9
(9,12) 3
(8,4) 9
(10,11) 8
(9,1) 21
(11,2) 9
(10,6) 9
(9,22) 13
(16,11) 9
(14,13) 14
(12,5) 9
(15,8) 9
(13,8) 9
(0,3) 16
(15,5) 19
(13,21) 17
(3,14) 9
(1,2) 9
(4,9) 9
(3,3) 24
(2,9) 9
(5,12) 9
(3,20) 9
(6,3) 9
(16,7) 9
(7,10) 9
(19,10) 16
(17,14) 9
(16,18) 9
(20,13) 15
(18,13) 17
(17,19) 11
(8,11) 18
(7,12) 9
(8,17) 17
(14,20) 9
(11,12) 5
(16,10) 9
(14,11) 14
(13,1) 17
(12,15) 15
(11,17) 17
(15,2) 9
(13,14) 9
(2,21) 17
(0,13) 14
(3,8) 16
(2,0) 17
(1,8) 16
(4,3) 17
(2,15) 9
(16,1) 17
(5,2) 9