fruittype 3
bgcolor (0,0,0)
fillcolor (225,151,51)
edgelightcolor (251,233,130)
edgeshadowcolor (124,70,16)
pelletcolor (255,255,255)

(7,3) 16
(17,7) 23
(16,9) 9
(20,20) 15
(19,4) 16
(18,4) 9
(17,20) 18
(18,19) 10
(8,5) 9
(10,8) 2
(9,0) 12
(11,5) 9
(10,7) 25
(9,21) 9
(14,18) 9
(12,6) 24
(11,22) 9
(10,18) 13
(15,11) 21
(14,1) 17
(13,7) 25
(12,17) 18
(15,4) 16
(13,20) 15
(1,1) 17
(4,10) 9
(3,2) 9
(2,6) 9
(5,11) 19
(4,16) 9
(7,5) 9
(5,21) 9
(20,19) 6
(17,13) 16
(16,19) 9
(18,10) 17
(17,18) 21
(8,12) 9
(8,22) 20
(9,9) 15
(10,14) 1
(8,18) 21
(14,21) 9
(11,15) 15
(9,19) 9
(15,16) 13
(14,8) 19
(12,8) 9
(11,16) 9
(16,8) 25
(13,13) 20
(2,18) 9
(3,11) 16
(2,1) 17
(1,15) 18
(4,12) 9
(5,1) 17
(3,17) 12
(7,2) 16
(6,14) 9
(19,18) 19
(17,6) 16
(7,15) 9
(19,7) 16
(18,5) 9
(17,11) 16
(18,16) 9
(8,6) 24
(10,9) 8
(9,7) 25
(11,4) 19
(9,20) 17
(14,19) 9
(12,7) 25
(11,9) 14
(0,18) 14
(15,10) 20
(14,6) 24
(13,6) 24
(12,18) 19
(15,7) 26
(13,19) 9
(4,11) 9
(3,5) 16
(2,7) 9
(5,10) 18
(3,22) 19
(6,1) 17
(5,7) 26
(16,1) 17
(6,20) 9
(5,20) 13
(7,21) 9
(17,12) 16
(7,17) 22
(19,1) 17
(7,6) 24
(8,13) 17
(9,8) 9
(10,15) 24
(8,19) 9
(9,18) 9
(15,19) 16
(12,9) 20
(11,19) 9
(1,20) 17
(15,12) 9
(13,12) 9
(12,20) 17
(2,19) 10
(16,22) 17
(3,10) 20
(4,13) 9
(3,16) 9
(6,15) 9
(17,5) 16
(7,14) 13
(6,18) 9
(19,6) 16
(18,2) 10
(17,10) 18
(20,1) 15
(18,17) 9
(7,7) 25
(8,7) 25
(9,6) 24
(11,7) 25
(10,5) 9
(14,16) 9
(11,8) 9
(10,16) 16
(0,19) 6
(15,21) 9
(14,7) 26
(13,5) 9
(12,19) 9
(1,18) 21
(15,6) 23
(13,18) 21
(1,7) 16
(3,4) 16
(2,4) 9
(4,7) 24
(6,6) 24
(5,6) 22
(4,18) 17
(16,2) 9
(6,21) 9
(5,19) 16
(19,15) 20
(17,3) 20
(7,16) 12
(18,8) 9
(17,16) 9
(15,13) 12
(7,4) 19
(9,15) 14
(10,12) 9
(8,20) 17
(11,1) 16
(9,17) 9
(15,18) 18
(14,14) 9
(12,10) 16
(11,18) 9
(10,22) 9
(15,15) 16
(13,11) 9
(12,21) 9
(2,16) 9
(3,13) 16
(16,20) 9
(2,10) 17
(5,15) 16
(3,19) 9
(6,12) 9
(4,20) 9
(19,20) 17
(17,4) 16
(16,12) 9
(6,19) 9
(19,9) 16
(18,3) 9
(17,9) 9
(20,2) 6
(17,17) 12
(8,8) 9
(9,5) 9
(11,6) 24
(14,17) 9
(11,11) 17
(10,17) 16
(0,20) 14
(15,20) 13
(14,4) 9
(13,4) 21
(12,12) 9
(1,17) 16
(15,1) 17
(13,17) 23
(1,6) 16
(3,7) 22
(2,5) 9
(7,22) 17
(5,8) 25
(6,7) 26
(5,5) 16
(4,19) 9
(16,3) 17
(6,10) 20
(5,18) 20
(17,2) 9
(7,19) 9
(19,3) 18
(18,20) 17
(8,15) 9
(10,13) 17
(9,3) 16
(8,21) 9
(11,0) 12
(10,24) 7
(9,16) 9
(14,15) 9
(12,11) 21
(11,21) 9
(15,14) 16
(14,2) 9
(13,10) 9
(12,22) 18
(2,17) 9
(0,1) 14
(3,12) 16
(3,1) 17
(5,14) 16
(3,18) 19
(6,13) 9
(7,8) 9
(6,16) 9
(19,8) 16
(17,8) 21
(16,16) 9
(20,3) 15
(18,15) 17
(8,9) 18
(9,4) 21
(14,22) 17
(11,10) 5
(14,5) 9
(13,3) 16
(12,13) 17
(1,16) 16
(13,16) 12
(1,5) 16
(3,6) 16
(2,2) 10
(1,10) 19
(4,1) 17
(6,4) 9
(5,4) 16
(7,1) 20
(6,11) 21
(19,17) 16
(17,1) 17
(7,18) 19
(18,6) 9
(17,22) 21
(9,13) 17
(10,10) 4
(9,2) 16
(16,13) 9
(11,3) 16
(9,23) 20
(14,12) 9
(12,4) 17
(11,20) 17
(10,20) 24
(14,3) 9
(13,9) 9
(12,23) 21
(0,2) 6
(13,22) 17
(3,15) 21
(1,3) 20
(4,8) 25
(2,8) 9
(5,13) 12
(3,21) 16
(6,2) 9
(4,22) 17
(7,11) 9
(6,17) 9
(18,1) 17
(17,15) 19
(7,20) 14
(8,10) 16
(9,11) 17
(10,0) 7
(9,24) 13
(8,16) 9
(11,13) 17
(15,22) 17
(14,10) 18
(13,2) 16
(15,3) 18
(13,15) 9
(2,20) 17
(1,4) 16
(3,9) 9
(2,3) 9
(1,9) 16
(4,2) 9
(6,5) 9
(5,3) 20
(6,8) 21
(5,16) 13
(19,16) 16
(7,13) 18
(19,5) 16
(18,7) 9
(17,21) 16
(7,9) 9
(18,18) 9
(9,12) 9
(8,4) 17
(10,11) 17
(9,1) 16
(8,23) 19
(11,2) 16
(10,6) 24
(9,22) 9
(16,11) 9
(14,13) 9
(12,5) 9
(11,23) 18
(10,21) 13
(15,8) 25
(13,8) 9
(12,16) 9
(11,24) 13
(0,3) 14
(15,5) 16
(13,21) 9
(3,14) 16
(4,9) 9
(3,3) 18
(5,12) 9
(3,20) 20
(6,3) 9
(16,7) 24
(7,10) 9
(6,22) 17
(5,22) 17
(20,18) 15
(19,10) 21
(17,14) 16
(16,18) 17
(17,19) 9
(8,11) 19
(9,10) 3
(7,12) 9
(8,17) 20
(14,20) 9
(11,12) 9
(16,10) 9
(14,11) 19
(13,1) 18
(12,15) 9
(11,17) 9
(15,2) 9
(13,14) 13
(3,8) 19
(1,8) 16
(4,3) 17
(2,15) 17
(5,2) 9