fruittype 0
bgcolor (0,0,0)
fillcolor (100,100,100)
edgelightcolor (255,255,128)
edgeshadowcolor (255,255,128)
pelletcolor (170,0,85)

(16,6) 18
(6,9) 16
(17,7) 25
(7,12) 24
(19,4) 7
(21,9) 21
(21,6) 16
(8,5) 5
(2,23) 17
(9,0) 17
(2,14) 16
(9,21) 21
(10,18) 7
(0,17) 22
(24,14) 16
(14,1) 13
(13,7) 25
(31,10) 16
(15,4) 21
(26,12) 21
(3,6) 16
(30,14) 16
(3,23) 25
(4,16) 16
(16,0) 17
(6,23) 17
(5,21) 25
(19,13) 26
(17,13) 17
(20,14) 21
(23,19) 18
(8,12) 21
(11,15) 16
(15,16) 17
(13,0) 17
(12,8) 21
(11,16) 16
(7,13) 16
(27,21) 17
(0,14) 16
(16,21) 22
(3,11) 16
(26,2) 15
(5,1) 7
(3,17) 24
(16,7) 26
(19,18) 17
(17,6) 20
(7,15) 22
(22,16) 21
(21,8) 16
(20,0) 17
(18,16) 23
(21,5) 22
(8,6) 18
(10,4) 23
(9,20) 18
(12,7) 18
(11,9) 16
(0,18) 16
(24,15) 21
(14,6) 20
(13,6) 18
(0,9) 16
(15,10) 21
(0,8) 16
(29,16) 17
(3,5) 20
(2,7) 17
(30,15) 16
(4,6) 4
(3,22) 22
(6,1) 12
(5,7) 17
(4,17) 21
(24,1) 17
(7,4) 17
(6,20) 23
(5,20) 18
(19,12) 22
(7,17) 22
(21,17) 21
(15,7) 17
(16,20) 20
(22,13) 17
(8,0) 14
(11,14) 18
(15,19) 12
(11,19) 16
(15,12) 17
(26,20) 20
(0,15) 16
(3,10) 16
(2,13) 18
(3,16) 6
(30,13) 16
(7,14) 16
(6,18) 18
(20,22) 17
(18,2) 17
(17,10) 1
(18,17) 16
(23,20) 13
(22,4) 20
(21,4) 22
(8,7) 16
(23,1) 17
(9,6) 17
(10,5) 11
(14,16) 17
(12,0) 17
(11,8) 18
(0,19) 16
(14,7) 25
(1,7) 17
(25,2) 19
(24,13) 23
(2,4) 11
(30,12) 18
(4,7) 24
(31,9) 20
(16,2) 18
(6,21) 21
(19,15) 21
(7,16) 16
(21,16) 18
(19,0) 17
(18,8) 19
(17,16) 17
(28,18) 12
(21,13) 17
(18,23) 17
(8,14) 6
(3,13) 21
(9,15) 15
(9,17) 17
(28,10) 13
(11,18) 16
(26,21) 25
(28,16) 25
(15,9) 18
(28,14) 20
(6,12) 19
(16,12) 20
(6,19) 16
(19,9) 22
(10,24) 18
(21,22) 21
(20,2) 20
(22,5) 21
(21,3) 20
(8,8) 16
(23,13) 17
(30,16) 21
(11,11) 23
(10,17) 17
(0,20) 16
(15,20) 19
(14,4) 17
(13,4) 19
(12,12) 20
(1,17) 17
(0,7) 18
(2,22) 6
(26,11) 12
(0,10) 16
(3,7) 25
(2,5) 19
(26,6) 16
(5,8) 7
(4,0) 12
(6,7) 20
(29,8) 14
(16,3) 21
(6,10) 16
(19,14) 22
(17,2) 17
(16,22) 16
(20,9) 17
(19,3) 19
(17,23) 17
(8,15) 17
(8,2) 15
(8,21) 18
(11,0) 17
(5,22) 6
(25,21) 19
(6,4) 18
(12,22) 18
(2,17) 17
(3,12) 16
(4,15) 20
(28,15) 23
(4,21) 24
(19,23) 21
(16,13) 19
(19,8) 20
(18,0) 17
(17,8) 7
(16,16) 17
(21,21) 18
(20,3) 25
(18,15) 18
(8,9) 16
(9,4) 17
(10,3) 16
(12,2) 20
(11,10) 16
(0,21) 16
(13,3) 20
(12,13) 16
(25,19) 20
(15,0) 17
(3,18) 13
(13,16) 19
(12,24) 21
(27,16) 19
(26,8) 7
(0,11) 16
(16,9) 21
(26,7) 21
(4,1) 16
(31,11) 16
(6,11) 16
(19,17) 7
(25,1) 20
(7,18) 21
(19,2) 24
(22,0) 20
(10,10) 7
(9,2) 8
(8,22) 16
(10,25) 13
(14,12) 19
(11,20) 21
(10,20) 17
(25,20) 22
(24,12) 18
(12,23) 16
(26,19) 7
(25,9) 13
(13,22) 15
(3,15) 17
(4,8) 16
(27,15) 22
(30,8) 20
(3,21) 24
(29,19) 17
(6,2) 25
(4,22) 23
(19,22) 18
(7,11) 2
(5,23) 17
(20,17) 18
(19,11) 22
(17,15) 7
(20,12) 23
(8,10) 11
(9,11) 17
(23,15) 17
(10,0) 17
(8,16) 6
(12,3) 19
(0,22) 16
(24,19) 17
(14,10) 18
(12,14) 25
(1,23) 17
(15,3) 18
(13,15) 16
(2,20) 12
(0,12) 16
(28,20) 16
(2,3) 18
(26,4) 12
(4,2) 22
(27,9) 19
(6,5) 13
(5,3) 3
(6,8) 16
(17,0) 17
(16,8) 16
(20,11) 20
(18,7) 20
(17,21) 15
(18,18) 19
(22,1) 19
(21,7) 16
(8,4) 17
(10,11) 17
(8,23) 21
(11,2) 17
(10,6) 21
(16,23) 19
(0,16) 16
(15,8) 6
(14,0) 24
(11,24) 17
(25,8) 16
(28,19) 22
(4,9) 21
(3,3) 17
(27,14) 18
(30,9) 19
(28,9) 20
(1,8) 6
(31,12) 21
(4,23) 25
(7,2) 17
(30,19) 15
(20,18) 21
(19,10) 16
(7,23) 17
(22,21) 15
(20,13) 26
(18,13) 17
(21,0) 17
(8,11) 22
(22,15) 18
(2,15) 19
(23,14) 6
(8,17) 17
(25,12) 17
(25,7) 18
(11,12) 19
(0,23) 19
(14,11) 16
(11,17) 23
(13,14) 20
(2,21) 19
(0,13) 16
(28,21) 21
(26,5) 16
(3,9) 18
(4,3) 21
(27,8) 12
(10,2) 18
(5,2) 17