fruittype 3
bgcolor (0,0,0)
fillcolor (215,0,107)
edgelightcolor (128,0,64)
edgeshadowcolor (128,0,64)
pelletcolor (0,255,0)

(7,3) 20
(6,9) 15
(19,19) 18
(16,6) 9
(16,9) 17
(18,4) 9
(17,20) 9
(20,7) 15
(18,19) 10
(8,5) 9
(10,8) 2
(11,5) 12
(10,7) 9
(9,21) 17
(17,7) 11
(12,6) 9
(10,18) 1
(0,17) 14
(15,11) 17
(14,1) 17
(13,7) 15
(12,17) 15
(0,4) 6
(15,4) 9
(13,20) 9
(1,1) 18
(4,10) 9
(3,2) 9
(5,11) 17
(4,5) 9
(4,16) 9
(7,5) 13
(5,21) 17
(20,19) 15
(19,13) 23
(17,13) 9
(16,19) 14
(18,10) 9
(17,18) 9
(16,8) 9
(9,9) 15
(10,14) 16
(8,18) 9
(14,21) 17
(11,15) 9
(9,19) 9
(15,16) 9
(14,8) 9
(11,16) 9
(1,21) 19
(15,13) 9
(13,13) 17
(2,18) 9
(3,11) 14
(2,1) 17
(1,15) 21
(4,12) 16
(2,12) 9
(5,1) 17
(3,17) 15
(7,2) 9
(6,14) 16
(7,15) 9
(19,7) 18
(18,5) 17
(17,11) 15
(18,16) 9
(8,6) 9
(10,9) 8
(9,7) 21
(11,4) 9
(10,4) 9
(9,20) 9
(14,19) 21
(12,7) 17
(11,9) 14
(10,19) 11
(0,18) 6
(15,10) 9
(14,6) 9
(13,6) 9
(12,18) 9
(1,19) 20
(0,5) 14
(15,7) 12
(13,19) 17
(4,11) 24
(3,5) 15
(5,10) 9
(4,6) 9
(6,1) 17
(5,7) 12
(4,17) 9
(7,4) 16
(6,20) 9
(5,20) 9
(19,12) 16
(17,12) 9
(7,17) 9
(20,15) 15
(19,1) 20
(18,11) 9
(7,6) 9
(14,18) 16
(8,13) 15
(10,15) 16
(8,19) 15
(11,14) 9
(9,18) 9
(15,19) 9
(14,9) 14
(12,9) 20
(11,19) 9
(1,20) 16
(15,12) 9
(13,12) 9
(12,20) 9
(2,19) 10
(0,15) 14
(3,10) 9
(1,14) 16
(7,21) 17
(4,13) 13
(2,13) 15
(3,16) 9
(6,15) 21
(19,21) 21
(17,5) 14
(7,14) 9
(6,18) 16
(18,2) 9
(17,10) 9
(18,17) 17
(7,7) 14
(8,7) 17
(9,6) 16
(11,7) 19
(10,5) 9
(14,16) 9
(10,16) 16
(0,19) 14
(15,21) 17
(14,7) 9
(13,5) 13
(12,19) 14
(0,6) 6
(15,6) 9
(13,18) 9
(1,7) 20
(16,21) 17
(3,4) 9
(2,4) 9
(5,9) 25
(4,7) 9
(6,6) 9
(5,6) 9
(4,18) 9
(16,2) 9
(6,21) 17
(5,19) 9
(19,15) 19
(17,3) 11
(7,16) 9
(18,8) 9
(17,16) 9
(16,1) 17
(9,15) 9
(8,1) 17
(8,20) 9
(11,1) 17
(9,17) 17
(15,18) 9
(14,14) 16
(12,10) 16
(11,18) 9
(15,15) 15
(13,11) 9
(12,21) 17
(2,16) 9
(3,13) 9
(1,13) 22
(16,20) 9
(4,14) 9
(2,10) 9
(5,15) 14
(3,19) 14
(6,12) 9
(4,20) 9
(19,20) 16
(17,4) 9
(16,12) 16
(6,19) 19
(19,9) 16
(18,3) 10
(17,9) 15
(18,14) 9
(17,17) 14
(9,5) 12
(8,14) 9
(11,6) 16
(10,2) 9
(14,17) 18
(12,1) 17
(11,11) 17
(10,17) 25
(15,20) 9
(14,4) 9
(13,4) 16
(1,17) 17
(0,7) 14
(15,1) 17
(13,17) 9
(3,7) 11
(2,5) 17
(1,11) 16
(5,8) 16
(6,7) 9
(5,5) 11
(4,19) 15
(16,3) 9
(6,10) 9
(5,18) 9
(19,14) 16
(17,2) 9
(7,19) 17
(19,3) 19
(18,9) 9
(20,4) 6
(18,20) 9
(8,15) 11
(9,14) 9
(8,2) 9
(10,13) 12
(9,3) 14
(8,21) 17
(9,16) 9
(14,15) 19
(12,11) 21
(11,21) 17
(15,14) 9
(14,2) 9
(13,10) 9
(2,17) 17
(3,12) 9
(1,12) 16
(3,1) 17
(2,11) 9
(5,14) 9
(3,18) 9
(6,13) 18
(4,21) 17
(16,13) 13
(6,16) 9
(20,16) 6
(19,8) 16
(16,4) 9
(17,8) 9
(16,16) 9
(20,3) 15
(18,15) 9
(8,9) 18
(9,4) 9
(7,11) 9
(10,3) 17
(12,2) 9
(11,10) 5
(14,5) 9
(13,3) 18
(12,13) 14
(13,16) 9
(1,5) 17
(2,2) 9
(1,10) 16
(4,1) 17
(6,4) 9
(5,4) 9
(7,1) 17
(6,11) 15
(5,17) 14
(19,17) 17
(17,1) 17
(7,18) 9
(19,2) 16
(20,5) 15
(18,21) 17
(8,3) 9
(10,10) 4
(9,2) 9
(7,20) 9
(11,3) 15
(14,12) 9
(12,4) 9
(11,20) 9
(10,20) 9
(15,9) 25
(14,3) 17
(13,9) 9
(3,15) 11
(1,3) 21
(10,1) 17
(4,8) 9
(2,8) 9
(5,13) 9
(3,21) 17
(6,2) 9
(16,14) 9
(6,17) 20
(20,17) 15
(19,11) 16
(18,1) 17
(17,15) 11
(16,17) 9
(18,12) 9
(15,17) 15
(8,10) 16
(9,11) 17
(8,16) 9
(12,3) 9
(14,10) 9
(13,2) 9
(12,14) 9
(15,3) 15
(13,15) 9
(2,20) 9
(3,9) 14
(2,3) 10
(1,9) 16
(4,2) 9
(2,14) 9
(6,5) 9
(5,3) 14
(16,5) 9
(6,8) 9
(5,16) 9
(7,13) 17
(19,5) 17
(17,21) 17
(20,6) 6
(7,9) 9
(18,18) 9
(8,4) 9
(10,11) 17
(9,1) 17
(11,2) 9
(10,6) 9
(16,11) 24
(14,13) 20
(12,5) 9
(10,21) 17
(0,16) 6
(15,8) 16
(12,16) 9
(0,3) 14
(15,5) 11
(13,21) 17
(3,14) 9
(1,2) 16
(4,9) 17
(3,3) 11
(2,9) 9
(5,12) 9
(4,4) 9
(3,20) 9
(6,3) 17
(16,7) 9
(7,10) 9
(20,18) 6
(19,10) 16
(17,14) 9
(16,18) 9
(18,13) 14
(17,19) 15
(8,11) 19
(9,10) 3
(7,12) 9
(8,17) 14
(14,20) 9
(16,10) 9
(14,11) 14
(13,1) 17
(12,15) 11
(11,17) 17
(15,2) 9
(13,14) 9
(2,21) 17
(3,8) 9
(1,8) 16
(4,3) 9
(2,15) 9
(5,2) 9