fruittype 4
bgcolor (0,0,0)
fillcolor (0,0,0)
edgelightcolor (255,0,128)
edgeshadowcolor (0,0,0)
pelletcolor (0,0,255)

(7,3) 12
(5,31) 17
(20,25) 16
(3,35) 24
(16,9) 9
(6,28) 9
(4,36) 25
(19,4) 9
(18,55) 16
(17,20) 22
(7,25) 9
(5,57) 16
(20,7) 23
(18,19) 23
(16,47) 18
(6,54) 9
(10,61) 9
(20,64) 13
(8,5) 17
(7,55) 14
(11,48) 14
(18,45) 9
(14,31) 17
(12,59) 17
(17,64) 25
(10,7) 24
(18,43) 15
(15,30) 9
(8,44) 9
(13,58) 9
(11,22) 9
(17,49) 26
(0,17) 16
(14,1) 17
(1,28) 9
(15,4) 9
(13,20) 9
(2,27) 16
(0,55) 16
(14,43) 15
(20,58) 16
(15,34) 9
(4,5) 9
(19,39) 26
(2,53) 16
(0,45) 22
(5,24) 12
(20,32) 16
(3,40) 9
(1,40) 25
(18,54) 16
(6,23) 9
(8,63) 24
(4,35) 24
(19,13) 25
(2,47) 24
(17,13) 14
(7,22) 9
(5,34) 9
(20,14) 6
(18,10) 9
(16,38) 24
(6,41) 17
(10,36) 4
(8,12) 9
(7,44) 9
(11,41) 13
(9,9) 9
(16,60) 23
(12,50) 9
(10,14) 9
(17,57) 19
(13,51) 15
(11,15) 13
(18,62) 16
(14,8) 9
(12,8) 9
(1,21) 9
(15,13) 21
(13,13) 17
(2,18) 22
(0,14) 6
(14,50) 9
(3,11) 13
(1,15) 17
(18,57) 23
(15,43) 9
(4,12) 9
(19,44) 9
(2,12) 9
(0,36) 16
(5,1) 17
(20,47) 23
(3,17) 20
(1,33) 9
(16,7) 9
(6,14) 9
(4,42) 16
(19,18) 9
(2,38) 24
(17,6) 16
(7,15) 15
(5,43) 9
(20,21) 16
(17,46) 9
(18,5) 15
(16,29) 12
(6,32) 9
(4,48) 23
(10,47) 9
(2,64) 19
(17,24) 22
(7,37) 9
(5,53) 23
(11,46) 9
(18,56) 23
(18,31) 16
(16,51) 9
(6,58) 9
(12,41) 9
(10,9) 13
(8,25) 13
(13,44) 9
(11,4) 9
(9,20) 9
(14,19) 17
(12,7) 9
(10,19) 16
(15,10) 9
(8,42) 9
(13,6) 16
(11,26) 9
(17,51) 9
(0,5) 16
(14,53) 10
(12,29) 9
(1,0) 7
(15,48) 9
(4,11) 9
(2,7) 9
(0,59) 16
(5,10) 9
(20,54) 16
(3,22) 23
(6,1) 17
(4,17) 10
(19,27) 9
(2,33) 16
(7,4) 16
(5,20) 9
(20,28) 12
(3,60) 9
(16,20) 9
(6,27) 9
(8,61) 9
(4,63) 24
(17,17) 18
(7,34) 9
(9,37) 17
(11,39) 18
(18,22) 23
(16,42) 16
(6,61) 17
(10,48) 9
(17,43) 24
(7,56) 9
(13,37) 9
(5,62) 9
(11,61) 13
(9,51) 17
(9,29) 14
(14,26) 9
(12,62) 9
(10,26) 16
(15,19) 15
(13,63) 24
(9,56) 9
(0,28) 12
(14,60) 9
(12,20) 9
(1,25) 9
(15,57) 16
(13,25) 9
(2,30) 16
(0,50) 19
(14,38) 18
(20,61) 16
(3,31) 9
(15,39) 25
(4,24) 9
(19,32) 9
(2,56) 22
(0,40) 19
(5,29) 9
(20,27) 6
(3,37) 9
(16,11) 9
(4,38) 24
(19,6) 9
(9,13) 20
(17,10) 16
(7,27) 18
(5,39) 25
(20,1) 16
(17,40) 9
(18,17) 20
(16,33) 15
(6,52) 9
(10,59) 9
(8,7) 9
(7,49) 9
(11,50) 9
(9,6) 9
(14,29) 15
(12,53) 14
(11,64) 25
(10,5) 9
(15,24) 12
(13,56) 9
(2,58) 16
(11,8) 9
(9,61) 13
(0,19) 16
(14,7) 9
(12,19) 14
(1,18) 9
(15,6) 9
(8,40) 9
(13,18) 16
(2,25) 22
(17,61) 9
(0,9) 16
(14,41) 17
(3,4) 9
(15,44) 9
(4,7) 9
(0,47) 22
(5,6) 9
(20,34) 16
(3,42) 9
(1,46) 23
(16,2) 9
(6,21) 15
(4,45) 21
(19,15) 17
(2,45) 9
(17,3) 14
(7,16) 9
(5,32) 9
(20,8) 16
(3,48) 26
(18,8) 9
(16,24) 9
(6,47) 16
(8,59) 17
(10,34) 2
(8,14) 9
(7,46) 9
(11,43) 17
(9,15) 13
(16,62) 9
(12,44) 9
(10,12) 9
(8,20) 9
(13,49) 9
(11,1) 17
(9,17) 14
(14,14) 9
(16,54) 21
(12,10) 9
(10,22) 9
(15,15) 17
(13,11) 11
(2,16) 9
(0,0) 12
(14,48) 16
(3,13) 15
(1,13) 25
(15,53) 22
(4,14) 9
(19,46) 22
(2,10) 9
(0,38) 22
(5,15) 17
(20,41) 6
(3,19) 23
(1,39) 26
(6,12) 9
(4,20) 9
(19,20) 9
(2,36) 19
(17,4) 9
(7,9) 17
(5,41) 17
(20,23) 16
(3,57) 21
(18,3) 17
(16,31) 21
(6,38) 20
(4,50) 9
(10,45) 16
(18,34) 16
(17,30) 9
(7,39) 17
(5,51) 12
(17,42) 9
(18,29) 16
(9,60) 16
(16,53) 23
(6,56) 9
(12,43) 17
(10,55) 16
(8,27) 15
(7,61) 15
(13,42) 9
(11,6) 9
(14,64) 25
(9,26) 9
(12,1) 17
(10,17) 24
(15,20) 9
(13,4) 16
(3,61) 9
(11,28) 9
(11,45) 9
(0,7) 22
(14,59) 9
(12,31) 14
(1,6) 9
(18,49) 26
(15,50) 9
(13,30) 9
(2,5) 14
(17,63) 24
(0,61) 16
(5,8) 16
(20,48) 23
(3,24) 23
(3,55) 9
(6,7) 9
(4,19) 9
(19,29) 9
(2,63) 22
(7,6) 16
(20,56) 16
(20,30) 16
(18,61) 16
(16,22) 9
(6,25) 15
(4,57) 9
(19,3) 17
(17,23) 22
(7,28) 16
(5,60) 23
(20,4) 16
(18,20) 23
(17,38) 24
(16,44) 22
(6,51) 9
(8,57) 17
(10,62) 10
(8,2) 9
(7,58) 9
(13,35) 9
(11,63) 24
(9,3) 14
(14,24) 9
(12,56) 9
(13,62) 9
(15,29) 9
(13,61) 14
(11,21) 9
(0,30) 16
(14,2) 9
(12,22) 16
(1,31) 9
(15,59) 22
(13,23) 15
(2,28) 16
(0,52) 12
(14,36) 19
(20,63) 16
(3,1) 17
(1,49) 26
(15,33) 14
(4,26) 9
(19,34) 9
(2,54) 16
(0,42) 12
(5,27) 15
(20,37) 16
(3,39) 25
(1,43) 9
(16,13) 9
(6,16) 9
(4,32) 9
(19,8) 9
(17,8) 16
(7,21) 9
(5,37) 9
(20,3) 23
(18,15) 17
(16,35) 24
(6,42) 9
(10,57) 25
(18,36) 21
(8,9) 15
(7,51) 14
(11,52) 9
(17,52) 9
(9,4) 9
(16,57) 9
(12,55) 14
(10,3) 17
(15,26) 9
(11,10) 9
(0,21) 16
(14,5) 17
(12,13) 17
(1,16) 9
(11,58) 9
(13,16) 9
(2,23) 22
(0,11) 19
(14,47) 16
(9,44) 9
(3,6) 16
(1,10) 9
(15,46) 9
(8,36) 16
(4,1) 17
(19,43) 9
(2,49) 26
(0,33) 16
(5,4) 9
(20,44) 16
(3,44) 22
(5,64) 25
(1,44) 9
(16,4) 9
(6,11) 9
(4,47) 20
(19,17) 9
(2,43) 14
(17,1) 17
(7,18) 16
(5,46) 9
(20,10) 16
(3,50) 21
(18,6) 9
(16,26) 9
(6,45) 12
(4,53) 22
(10,32) 16
(8,48) 18
(7,40) 9
(8,56) 9
(18,12) 9
(18,32) 16
(16,48) 22
(12,46) 13
(8,22) 16
(13,47) 9
(11,3) 15
(18,58) 16
(14,12) 9
(12,4) 9
(10,20) 16
(15,9) 21
(13,9) 17
(0,2) 16
(14,54) 9
(3,15) 17
(1,3) 17
(15,55) 16
(8,52) 9
(4,8) 9
(19,48) 26
(2,8) 9
(0,56) 16
(5,13) 19
(20,43) 16
(3,21) 23
(1,37) 9
(6,2) 9
(4,22) 9
(19,22) 9
(2,34) 16
(7,11) 11
(20,17) 16
(3,59) 9
(18,1) 21
(16,17) 10
(6,36) 21
(4,60) 22
(10,43) 24
(17,28) 9
(7,33) 14
(5,49) 9
(18,27) 16
(16,55) 9
(6,62) 9
(12,37) 21
(18,38) 24
(8,29) 9
(7,63) 24
(13,40) 9
(11,56) 9
(17,54) 9
(18,53) 16
(14,23) 9
(12,3) 9
(10,31) 12
(15,22) 13
(13,2) 9
(0,25) 16
(14,57) 9
(12,25) 13
(1,4) 9
(15,60) 22
(13,28) 16
(2,3) 17
(0,63) 16
(14,35) 18
(9,46) 9
(6,5) 17
(4,29) 12
(19,31) 9
(2,61) 16
(17,59) 9
(5,16) 9
(20,24) 16
(3,32) 9
(9,41) 13
(16,8) 9
(6,31) 17
(4,59) 18
(19,5) 9
(17,21) 22
(7,30) 9
(5,58) 16
(20,6) 16
(18,18) 23
(16,46) 9
(6,49) 13
(17,36) 25
(10,60) 9
(8,4) 9
(7,52) 9
(13,33) 15
(11,49) 9
(9,1) 17
(14,30) 9
(8,53) 15
(10,6) 9
(15,31) 17
(13,59) 15
(0,16) 16
(12,16) 9
(1,29) 9
(15,5) 15
(8,50) 9
(13,21) 9
(12,14) 9
(0,54) 16
(14,42) 9
(20,57) 16
(3,3) 15
(15,35) 24
(4,4) 9
(19,36) 9
(9,48) 15
(0,44) 16
(5,25) 19
(20,39) 23
(17,35) 24
(16,15) 17
(6,22) 9
(4,34) 9
(19,10) 9
(2,46) 9
(8,37) 19
(7,23) 14
(13,64) 25
(5,35) 24
(20,13) 15
(18,13) 17
(16,37) 9
(6,40) 9
(10,39) 9
(12,64) 25
(17,32) 9
(7,45) 9
(11,54) 9
(9,10) 9
(16,59) 20
(12,49) 13
(10,1) 17
(18,40) 22
(17,58) 9
(8,45) 12
(13,52) 9
(11,12) 9
(17,48) 26
(0,23) 16
(14,11) 9
(12,15) 9
(1,22) 9
(15,2) 9
(13,14) 9
(2,21) 22
(0,13) 14
(14,45) 12
(3,8) 16
(1,8) 9
(9,58) 9
(15,40) 9
(4,3) 10
(19,45) 18
(2,15) 17
(0,35) 16
(5,2) 9
(9,40) 16
(3,46) 9
(1,34) 9
(16,6) 9
(6,9) 17
(4,41) 18
(19,19) 9
(2,41) 13
(17,7) 16
(7,12) 9
(5,44) 9
(20,20) 16
(3,52) 9
(18,4) 9
(16,28) 9
(6,35) 20
(4,55) 9
(10,46) 13
(17,25) 19
(7,42) 9
(20,50) 21
(5,54) 23
(11,47) 9
(18,30) 16
(16,50) 9
(12,40) 9
(10,8) 16
(8,24) 16
(13,45) 9
(11,5) 14
(9,21) 9
(12,6) 9
(10,18) 16
(15,11) 12
(13,7) 13
(11,27) 9
(0,4) 16
(14,52) 9
(12,28) 9
(8,64) 25
(15,49) 9
(4,10) 9
(19,50) 25
(2,6) 9
(0,58) 16
(5,11) 12
(20,53) 16
(3,23) 23
(4,16) 9
(19,24) 9
(2,32) 16
(7,5) 26
(5,21) 18
(20,19) 16
(17,45) 21
(16,19) 9
(6,26) 9
(4,62) 9
(10,41) 9
(17,18) 22
(7,35) 9
(9,52) 9
(5,63) 24
(11,36) 5
(18,25) 23
(16,41) 20
(6,60) 9
(12,39) 17
(10,51) 26
(8,31) 15
(7,57) 14
(3,38) 24
(14,21) 14
(12,61) 9
(10,29) 25
(18,42) 9
(15,16) 9
(11,16) 9
(17,50) 19
(0,27) 6
(14,63) 24
(12,27) 14
(1,26) 9
(15,62) 9
(13,26) 9
(2,1) 19
(0,49) 22
(14,33) 9
(20,60) 16
(3,28) 9
(15,36) 25
(4,31) 19
(19,33) 9
(2,59) 16
(7,2) 9
(5,30) 9
(20,26) 13
(3,34) 9
(16,10) 9
(6,29) 14
(8,62) 9
(4,37) 9
(19,7) 14
(17,11) 13
(7,24) 9
(5,56) 16
(20,0) 12
(18,16) 9
(16,32) 9
(6,55) 9
(10,58) 9
(18,59) 16
(8,6) 9
(11,51) 17
(9,7) 14
(14,28) 9
(12,52) 9
(10,4) 9
(15,25) 21
(13,57) 15
(11,9) 9
(0,18) 16
(14,6) 9
(1,19) 9
(15,7) 12
(13,19) 25
(19,64) 7
(2,24) 22
(0,8) 16
(14,40) 9
(20,59) 16
(3,5) 20
(15,45) 9
(4,6) 9
(19,38) 24
(2,50) 25
(0,46) 22
(5,7) 12
(20,33) 16
(3,43) 24
(1,47) 26
(16,1) 17
(6,20) 9
(4,44) 23
(19,12) 16
(9,12) 9
(17,12) 9
(7,17) 12
(5,33) 15
(20,15) 20
(17,47) 24
(18,11) 9
(16,39) 25
(6,46) 16
(10,37) 17
(8,13) 17
(7,47) 9
(11,40) 16
(9,8) 9
(16,61) 21
(6,64) 25
(12,51) 17
(10,15) 9
(3,49) 26
(8,19) 15
(7,64) 25
(13,50) 9
(3,62) 9
(11,14) 16
(18,63) 23
(14,9) 17
(12,9) 14
(1,20) 9
(18,44) 9
(15,12) 16
(13,12) 9
(2,19) 22
(17,60) 9
(0,15) 18
(14,51) 9
(3,10) 16
(15,42) 9
(4,13) 9
(19,47) 26
(2,13) 17
(5,47) 9
(0,37) 16
(20,40) 21
(3,16) 9
(1,32) 9
(6,15) 17
(4,43) 23
(19,21) 9
(2,39) 26
(17,5) 18
(7,14) 9
(5,42) 9
(20,22) 16
(3,54) 9
(9,47) 9
(16,30) 16
(6,33) 9
(8,60) 9
(4,49) 21
(10,44) 16
(17,31) 9
(7,36) 9
(5,52) 23
(11,33) 17
(18,28) 16
(18,60) 16
(16,52) 20
(6,59) 9
(12,42) 9
(10,54) 12
(8,26) 9
(13,43) 17
(11,7) 15
(9,27) 9
(14,16) 9
(9,59) 20
(10,16) 9
(15,21) 20
(13,5) 26
(11,29) 15
(0,6) 16
(14,58) 9
(12,30) 9
(1,7) 15
(15,51) 12
(13,31) 17
(2,4) 9
(0,60) 16
(5,9) 19
(20,55) 16
(3,25) 21
(8,55) 15
(6,6) 9
(4,18) 9
(19,26) 9
(2,62) 16
(7,7) 13
(5,19) 14
(20,29) 16
(3,63) 24
(16,21) 9
(6,24) 9
(4,56) 9
(19,0) 7
(9,14) 16
(17,16) 9
(7,29) 21
(5,61) 25
(17,41) 9
(18,23) 23
(16,43) 22
(6,50) 9
(12,33) 17
(10,49) 1
(8,1) 17
(7,59) 14
(13,36) 9
(11,60) 16
(9,28) 9
(14,27) 9
(3,64) 25
(12,63) 24
(10,27) 16
(9,54) 9
(2,26) 16
(0,29) 16
(14,61) 17
(2,44) 9
(12,21) 12
(18,64) 21
(1,24) 9
(18,46) 9
(15,56) 16
(8,39) 17
(13,24) 9
(2,31) 16
(17,62) 9
(0,51) 6
(20,46) 23
(14,39) 25
(20,62) 16
(3,30) 9
(1,50) 25
(15,38) 24
(4,25) 9
(19,35) 9
(2,57) 22
(0,41) 6
(5,28) 9
(20,36) 16
(3,36) 25
(16,12) 9
(6,19) 17
(4,39) 25
(19,9) 9
(17,9) 22
(7,26) 9
(5,38) 24
(20,2) 16
(9,35) 15
(2,52) 12
(16,34) 9
(6,53) 10
(8,58) 9
(10,56) 16
(8,8) 9
(7,48) 9
(11,53) 9
(9,5) 15
(16,56) 9
(15,27) 14
(13,55) 15
(11,11) 15
(0,20) 16
(14,4) 9
(12,12) 9
(1,17) 9
(15,1) 17
(13,17) 12
(2,22) 22
(9,57) 17
(0,10) 16
(9,43) 17
(14,46) 16
(3,7) 16
(1,11) 20
(15,47) 9
(9,62) 9
(19,40) 25
(2,48) 26
(0,32) 16
(5,5) 14
(20,35) 16
(3,45) 19
(1,45) 20
(16,3) 10
(6,10) 9
(4,46) 9
(8,51) 17
(2,42) 9
(8,41) 9
(7,19) 25
(3,41) 9
(20,9) 16
(3,51) 9
(18,9) 15
(16,25) 9
(6,44) 9
(4,52) 18
(10,35) 8
(18,37) 9
(8,15) 9
(7,41) 15
(11,42) 9
(18,35) 23
(16,63) 24
(12,45) 12
(10,13) 9
(8,21) 12
(13,48) 9
(9,16) 9
(14,15) 17
(12,11) 9
(10,23) 11
(9,39) 20
(15,14) 9
(3,47) 24
(13,10) 9
(2,17) 18
(0,1) 16
(14,49) 13
(3,12) 9
(1,12) 16
(18,48) 26
(15,52) 22
(4,15) 17
(19,49) 26
(2,11) 9
(17,56) 18
(0,39) 22
(5,14) 9
(20,42) 12
(3,18) 23
(1,38) 24
(6,13) 17
(4,21) 9
(19,23) 9
(2,37) 9
(7,8) 9
(5,40) 9
(20,16) 16
(3,56) 20
(18,0) 12
(16,16) 9
(6,39) 25
(4,51) 9
(10,42) 9
(17,29) 9
(5,50) 9
(11,35) 14
(18,26) 16
(9,42) 9
(6,57) 9
(12,36) 16
(10,52) 13
(8,28) 9
(7,60) 9
(13,41) 14
(11,57) 17
(18,52) 12
(14,22) 9
(12,2) 9
(13,3) 12
(0,24) 16
(14,56) 9
(12,24) 16
(1,5) 9
(15,61) 25
(13,29) 19
(9,53) 9
(0,62) 16
(14,34) 9
(20,49) 23
(8,11) 9
(6,4) 9
(15,64) 25
(4,28) 9
(19,28) 9
(2,60) 16
(7,1) 17
(5,17) 11
(20,31) 16
(3,33) 10
(16,23) 9
(6,30) 9
(4,58) 9
(17,22) 22
(7,31) 17
(5,59) 23
(20,5) 16
(18,21) 23
(16,45) 19
(6,48) 16
(12,35) 20
(4,64) 25
(10,63) 24
(18,39) 26
(8,3) 9
(7,53) 14
(13,34) 9
(11,62) 9
(17,53) 9
(18,47) 24
(14,25) 14
(12,57) 17
(10,25) 12
(15,28) 9
(13,60) 9
(11,20) 9
(0,31) 16
(14,3) 9
(12,23) 22
(1,30) 9
(15,58) 16
(13,22) 9
(2,29) 16
(0,53) 16
(14,37) 9
(9,45) 9
(1,48) 26
(15,32) 9
(8,35) 18
(4,27) 14
(19,37) 9
(2,55) 16
(0,43) 16
(0,64) 13
(5,26) 9
(20,38) 23
(17,37) 9
(1,42) 9
(16,14) 9
(4,33) 14
(19,11) 18
(17,15) 17
(7,20) 9
(5,36) 25
(12,60) 9
(17,44) 23
(9,33) 17
(16,36) 25
(6,43) 14
(17,55) 9
(17,33) 10
(7,50) 9
(11,55) 9
(9,11) 14
(16,58) 9
(12,48) 20
(8,16) 9
(16,64) 25
(13,53) 15
(11,13) 18
(0,22) 16
(14,10) 9
(8,10) 9
(1,23) 9
(15,3) 11
(13,15) 14
(2,20) 22
(14,44) 9
(3,9) 23
(1,9) 9
(15,41) 17
(4,2) 9
(19,42) 9
(9,55) 9
(0,34) 16
(5,3) 11
(20,45) 23
(17,34) 9
(9,64) 25
(1,35) 9
(16,5) 9
(6,8) 9
(4,40) 9
(19,16) 9
(2,40) 23
(8,43) 17
(7,13) 17
(5,45) 9
(20,11) 21
(3,53) 9
(18,7) 9
(16,27) 15
(6,34) 9
(4,54) 19
(10,33) 25
(8,49) 13
(7,43) 17
(5,55) 16
(11,44) 9
(18,33) 16
(16,49) 19
(1,64) 7
(10,11) 17
(18,41) 13
(8,23) 23
(8,46) 13
(13,46) 9
(9,36) 3
(9,22) 9
(14,13) 17
(12,5) 17
(10,21) 13
(9,63) 24
(15,8) 16
(13,8) 9
(0,3) 22
(9,50) 9
(14,55) 9
(15,54) 22
(4,9) 9
(2,9) 14
(0,57) 16
(5,12) 16
(20,52) 12
(3,20) 23
(1,36) 9
(6,3) 9
(8,33) 17
(4,23) 9
(19,25) 9
(2,35) 22
(7,10) 9
(5,22) 13
(20,18) 16
(3,58) 9
(16,18) 9
(6,37) 9
(4,61) 19
(10,40) 9
(17,19) 22
(5,48) 9
(11,37) 17
(18,24) 23
(16,40) 9
(6,63) 24
(10,50) 12
(8,30) 9
(7,62) 9
(13,39) 17
(11,59) 18
(18,50) 25
(14,20) 9
(17,39) 25
(10,28) 16
(15,17) 11
(13,1) 17
(11,17) 15
(0,26) 13
(14,62) 9
(12,26) 9
(1,27) 9
(15,63) 24
(13,27) 20
(12,58) 9
(2,0) 12
(0,48) 22
(14,32) 9
(20,51) 6
(3,29) 9
(10,64) 25
(15,37) 9
(4,30) 16
(19,30) 9
(9,49) 9