fruittype 1
bgcolor (0,0,0)
fillcolor (0,0,0)
edgelightcolor (203,211,44)
edgeshadowcolor (0,64,0)
pelletcolor (255,0,0)

(7,3) 9
(6,9) 20
(19,19) 9
(16,6) 9
(16,9) 17
(20,20) 16
(19,4) 9
(18,4) 9
(17,20) 9
(20,7) 16
(18,19) 9
(8,5) 14
(10,8) 2
(9,0) 17
(11,5) 17
(10,7) 13
(9,21) 9
(17,7) 9
(11,22) 17
(10,18) 12
(0,17) 16
(15,11) 9
(14,1) 9
(13,7) 17
(12,17) 9
(0,4) 16
(15,4) 9
(13,20) 9
(4,10) 9
(2,6) 16
(5,11) 9
(4,5) 15
(6,0) 17
(4,16) 13
(16,0) 17
(5,21) 9
(20,19) 16
(19,13) 17
(17,13) 17
(16,19) 10
(20,14) 16
(18,10) 9
(17,18) 9
(8,12) 13
(9,9) 15
(10,14) 26
(8,18) 20
(14,21) 9
(9,19) 9
(13,0) 17
(15,13) 17
(13,13) 9
(2,18) 13
(0,14) 16
(3,11) 17
(2,1) 13
(1,15) 9
(5,1) 9
(3,17) 9
(7,2) 9
(6,14) 9
(19,18) 9
(17,6) 9
(16,10) 9
(20,21) 16
(19,7) 9
(18,5) 20
(17,11) 17
(20,0) 12
(18,16) 16
(10,9) 8
(11,4) 9
(10,4) 16
(9,20) 9
(14,19) 9
(12,7) 14
(11,9) 14
(10,19) 16
(0,18) 16
(15,10) 9
(14,6) 16
(12,18) 18
(1,19) 9
(0,5) 16
(15,7) 17
(13,19) 9
(1,0) 7
(0,8) 16
(4,11) 15
(3,5) 17
(2,7) 13
(5,10) 9
(4,6) 9
(3,22) 17
(18,22) 21
(6,1) 9
(5,7) 17
(4,17) 9
(7,4) 9
(6,20) 15
(5,20) 17
(7,21) 9
(7,17) 9
(20,15) 16
(18,11) 17
(17,17) 9
(14,18) 15
(8,0) 17
(10,15) 16
(8,19) 16
(11,14) 17
(9,18) 9
(15,19) 9
(14,9) 18
(12,9) 20
(11,19) 9
(13,12) 9
(12,20) 13
(2,19) 9
(0,15) 16
(16,22) 17
(3,10) 9
(1,14) 9
(4,13) 17
(2,13) 17
(5,0) 17
(3,16) 9
(6,15) 20
(17,5) 17
(7,14) 9
(6,18) 14
(20,22) 13
(19,6) 9
(17,10) 9
(20,1) 16
(18,17) 16
(7,7) 17
(8,7) 15
(10,5) 26
(14,16) 21
(12,0) 17
(10,16) 13
(0,19) 16
(15,21) 9
(14,7) 25
(12,19) 16
(1,18) 9
(0,6) 16
(15,6) 9
(13,18) 17
(1,7) 9
(0,9) 16
(16,21) 9
(3,4) 9
(2,4) 9
(5,9) 17
(4,7) 14
(6,6) 16
(5,6) 9
(4,18) 11
(16,2) 12
(6,21) 9
(5,19) 9
(19,15) 9
(17,3) 17
(7,16) 17
(20,8) 16
(19,0) 7
(18,8) 9
(17,16) 9
(8,14) 14
(8,1) 9
(8,20) 13
(11,1) 9
(9,17) 9
(15,18) 9
(14,14) 9
(12,10) 16
(11,18) 9
(10,22) 17
(15,15) 17
(13,11) 9
(12,21) 9
(2,16) 16
(0,0) 12
(3,13) 17
(1,13) 17
(16,20) 15
(4,14) 9
(2,10) 9
(5,15) 17
(3,19) 9
(6,12) 12
(4,20) 14
(17,4) 9
(6,19) 9
(19,9) 9
(18,3) 17
(17,9) 17
(20,2) 16
(18,14) 9
(9,5) 17
(10,2) 9
(14,17) 9
(12,1) 9
(11,11) 17
(10,17) 1
(0,20) 16
(15,20) 17
(14,4) 9
(13,4) 9
(12,12) 13
(1,17) 9
(0,7) 16
(15,1) 9
(13,17) 9
(2,22) 19
(1,6) 9
(0,10) 16
(3,7) 9
(2,5) 18
(1,11) 17
(7,22) 17
(4,0) 17
(6,7) 25
(5,5) 9
(4,19) 10
(16,3) 19
(6,10) 13
(5,18) 9
(19,14) 9
(7,19) 9
(20,9) 16
(19,3) 17
(18,9) 15
(20,4) 16
(18,20) 12
(9,14) 17
(8,2) 12
(10,13) 12
(9,3) 9
(8,21) 9
(11,0) 17
(14,15) 18
(12,11) 23
(11,21) 9
(7,0) 17
(15,14) 9
(14,2) 12
(12,22) 17
(2,17) 16
(0,1) 16
(4,15) 18
(2,11) 17
(5,14) 9
(3,18) 9
(6,13) 21
(4,21) 9
(16,13) 17
(6,16) 19
(20,16) 16
(19,8) 9
(18,0) 20
(17,8) 9
(16,16) 13
(20,3) 23
(18,15) 12
(8,9) 18
(9,4) 9
(7,11) 9
(10,3) 12
(14,22) 17
(12,2) 12
(11,10) 5
(0,21) 16
(14,5) 12
(13,3) 9
(1,16) 9
(15,0) 17
(13,16) 17
(1,5) 9
(0,11) 19
(16,4) 9
(3,6) 9
(1,10) 9
(6,4) 9
(5,4) 9
(7,1) 9
(6,11) 9
(5,17) 9
(19,17) 9
(7,18) 17
(20,10) 16
(18,6) 16
(17,22) 17
(20,5) 16
(18,21) 16
(8,3) 13
(10,10) 4
(9,2) 9
(8,22) 17
(7,20) 9
(11,3) 9
(14,12) 12
(12,4) 9
(11,20) 9
(10,20) 13
(15,9) 17
(14,3) 13
(0,2) 16
(13,22) 17
(3,15) 9
(1,3) 17
(10,1) 13
(3,0) 17
(2,8) 9
(5,13) 17
(3,21) 9
(6,2) 12
(4,22) 17
(19,22) 7
(16,14) 9
(6,17) 9
(20,17) 16
(19,11) 17
(18,1) 13
(17,15) 9
(16,17) 9
(20,12) 6
(8,10) 16
(9,11) 17
(10,0) 24
(8,16) 15
(12,3) 13
(0,22) 13
(15,22) 17
(14,10) 13
(13,2) 9
(12,14) 15
(15,3) 10
(2,20) 12
(1,4) 9
(0,12) 6
(3,9) 17
(2,3) 17
(1,9) 9
(4,2) 12
(2,14) 9
(6,5) 12
(5,3) 10
(16,5) 14
(19,16) 9
(17,0) 17
(7,13) 9
(20,11) 21
(19,5) 9
(18,7) 13
(17,21) 9
(20,6) 16
(18,18) 13
(8,4) 9
(10,11) 17
(9,1) 9
(11,2) 9
(10,6) 16
(9,22) 17
(16,11) 14
(14,13) 19
(12,5) 15
(10,21) 9
(0,16) 16
(14,0) 17
(12,16) 14
(0,3) 22
(15,5) 9
(13,21) 9
(3,14) 9
(4,9) 17
(3,3) 17
(2,9) 14
(4,4) 9
(3,20) 9
(6,3) 13
(16,7) 15
(16,15) 20
(6,22) 17
(5,22) 17
(20,18) 16
(19,10) 9
(17,14) 9
(16,18) 11
(20,13) 20
(18,13) 17
(17,19) 9
(8,11) 22
(9,10) 3
(7,12) 9
(8,17) 9
(14,20) 14
(15,17) 9
(14,11) 9
(13,1) 9
(11,17) 9
(1,22) 7
(15,2) 9
(13,14) 9
(2,21) 16
(0,13) 18
(3,8) 9
(2,0) 18
(1,8) 9
(4,3) 21
(2,15) 12
(5,2) 9