fruittype 1
bgcolor (0,0,0)
fillcolor (0,0,0)
edgelightcolor (128,0,255)
edgeshadowcolor (64,0,64)
pelletcolor (0,255,0)

(7,3) 17
(20,25) 13
(16,9) 9
(6,28) 9
(21,28) 9
(19,4) 9
(17,20) 9
(7,25) 17
(22,19) 17
(20,7) 15
(18,19) 17
(23,26) 9
(21,6) 9
(8,5) 17
(9,0) 12
(10,7) 17
(11,22) 9
(24,14) 9
(25,15) 17
(15,4) 9
(13,20) 16
(2,27) 17
(26,12) 9
(30,14) 16
(4,5) 10
(28,10) 9
(5,24) 9
(6,23) 17
(30,16) 16
(19,13) 15
(7,22) 16
(20,14) 4
(18,10) 9
(23,19) 15
(21,15) 17
(8,12) 9
(32,25) 17
(9,9) 12
(23,9) 9
(8,18) 9
(11,15) 23
(9,19) 19
(24,21) 17
(14,8) 9
(12,8) 9
(15,13) 17
(13,13) 18
(26,23) 12
(3,11) 16
(4,12) 9
(29,4) 9
(3,17) 16
(16,7) 9
(6,14) 9
(30,27) 18
(19,18) 9
(17,6) 16
(7,15) 17
(20,21) 16
(18,5) 9
(16,29) 17
(21,8) 9
(17,24) 9
(22,7) 13
(23,6) 9
(10,9) 9
(8,25) 17
(11,4) 9
(9,20) 9
(24,28) 9
(14,19) 9
(12,7) 17
(10,19) 17
(25,25) 9
(15,10) 9
(13,6) 9
(11,26) 16
(0,5) 14
(24,2) 16
(12,29) 17
(25,3) 17
(4,11) 9
(28,24) 15
(2,7) 17
(5,10) 16
(29,29) 17
(3,22) 16
(19,27) 17
(7,4) 9
(31,27) 17
(5,20) 16
(20,28) 9
(16,20) 9
(6,27) 17
(21,17) 17
(17,17) 14
(22,30) 16
(18,22) 9
(9,29) 20
(14,26) 9
(10,26) 9
(15,19) 16
(11,19) 15
(26,25) 9
(24,9) 22
(12,20) 9
(27,20) 9
(1,25) 17
(25,4) 9
(13,25) 11
(28,23) 9
(26,3) 17
(29,22) 9
(27,10) 9
(30,5) 19
(4,24) 9
(28,13) 16
(5,29) 17
(20,27) 17
(16,11) 17
(6,18) 9
(21,26) 9
(19,6) 16
(17,10) 9
(7,27) 17
(22,17) 17
(18,17) 17
(23,20) 9
(21,4) 9
(8,7) 9
(22,11) 15
(9,6) 9
(14,29) 17
(10,5) 9
(15,24) 16
(11,8) 16
(14,7) 9
(12,19) 9
(25,13) 9
(15,6) 16
(13,18) 16
(2,25) 17
(26,10) 9
(23,32) 7
(3,4) 16
(27,3) 17
(30,12) 16
(4,7) 9
(28,4) 9
(5,6) 9
(29,9) 9
(30,22) 16
(19,15) 17
(17,3) 17
(7,16) 9
(20,8) 9
(18,8) 9
(16,24) 9
(21,13) 14
(8,14) 9
(32,27) 17
(22,2) 16
(9,15) 17
(33,26) 6
(23,11) 9
(10,12) 9
(8,20) 9
(11,1) 16
(9,17) 20
(24,23) 12
(12,10) 9
(10,22) 9
(25,22) 9
(15,15) 17
(13,11) 14
(26,21) 17
(3,13) 16
(27,24) 17
(4,14) 9
(28,3) 17
(5,15) 14
(3,19) 16
(6,12) 9
(30,25) 19
(4,20) 9
(19,20) 9
(17,4) 9
(7,9) 15
(20,23) 16
(18,3) 17
(21,22) 9
(22,5) 20
(11,32) 13
(18,29) 17
(23,0) 7
(8,27) 17
(11,6) 9
(9,26) 9
(24,30) 16
(14,17) 9
(10,17) 9
(15,20) 16
(13,4) 9
(11,28) 9
(26,28) 9
(0,7) 14
(24,4) 9
(27,17) 9
(28,26) 20
(2,5) 17
(5,8) 16
(29,27) 9
(3,24) 16
(6,7) 9
(4,19) 9
(19,29) 17
(7,6) 16
(31,5) 17
(5,18) 9
(16,22) 9
(6,25) 17
(19,3) 17
(17,23) 14
(22,28) 9
(20,4) 9
(18,20) 9
(23,25) 9
(9,3) 21
(14,24) 9
(10,24) 9
(15,29) 17
(11,21) 15
(24,11) 16
(12,22) 9
(27,22) 9
(25,10) 9
(13,23) 11
(28,17) 16
(29,20) 9
(27,12) 9
(30,11) 16
(4,26) 9
(28,15) 16
(5,27) 14
(16,13) 20
(6,16) 9
(21,24) 9
(19,8) 9
(17,8) 16
(7,21) 18
(22,23) 16
(20,3) 17
(18,15) 19
(8,9) 9
(22,9) 15
(9,4) 9
(33,7) 15
(23,12) 9
(15,26) 9
(11,10) 16
(24,18) 9
(14,5) 17
(12,13) 9
(25,19) 14
(13,16) 9
(27,5) 10
(28,6) 16
(5,4) 9
(29,7) 9
(16,4) 9
(6,11) 9
(30,20) 16
(19,17) 17
(7,18) 9
(20,10) 9
(18,6) 9
(16,26) 9
(21,11) 17
(10,32) 7
(17,27) 14
(22,0) 12
(9,13) 13
(23,5) 9
(10,10) 9
(8,22) 9
(11,3) 19
(9,23) 12
(24,25) 9
(12,4) 9
(10,20) 9
(25,20) 9
(15,9) 21
(13,9) 14
(11,25) 16
(26,19) 21
(3,15) 16
(27,26) 18
(4,8) 9
(28,29) 17
(5,13) 14
(3,21) 16
(4,22) 9
(19,22) 9
(7,11) 14
(5,23) 14
(20,17) 17
(16,17) 9
(21,20) 9
(17,28) 9
(22,27) 21
(18,27) 17
(8,29) 17
(9,24) 16
(14,23) 9
(12,3) 17
(25,29) 17
(15,22) 9
(11,30) 16
(26,26) 9
(0,25) 14
(24,6) 16
(12,25) 9
(27,19) 9
(13,28) 9
(28,20) 9
(26,4) 9
(29,25) 9
(27,9) 17
(6,5) 17
(4,29) 17
(31,7) 17
(5,16) 9
(20,24) 16
(16,8) 9
(21,29) 17
(19,5) 12
(17,21) 14
(22,18) 9
(20,6) 9
(18,18) 9
(23,27) 9
(21,7) 9
(8,4) 9
(9,1) 16
(10,6) 9
(11,23) 12
(24,13) 13
(12,16) 9
(15,5) 20
(13,21) 13
(28,19) 13
(26,15) 20
(3,3) 18
(27,14) 9
(30,9) 16
(4,4) 9
(28,9) 15
(5,25) 14
(16,15) 21
(30,19) 16
(19,10) 9
(7,23) 21
(22,21) 18
(20,13) 8
(18,13) 18
(23,16) 9
(8,11) 17
(22,15) 21
(9,10) 16
(33,5) 15
(23,14) 9
(8,17) 17
(11,12) 9
(24,20) 9
(14,11) 17
(12,15) 9
(13,14) 16
(26,22) 9
(3,8) 16
(27,7) 17
(4,3) 17
(24,32) 13
(29,5) 9
(16,6) 9
(6,9) 17
(19,19) 17
(17,7) 16
(7,12) 9
(20,20) 16
(18,4) 9
(16,28) 9
(21,9) 17
(17,25) 14
(22,6) 16
(23,7) 9
(10,8) 9
(8,24) 10
(11,5) 14
(9,21) 17
(24,27) 19
(14,18) 9
(12,6) 9
(10,18) 9
(25,26) 20
(15,11) 17
(13,7) 15
(11,27) 19
(26,17) 16
(24,1) 16
(12,28) 9
(27,28) 9
(4,10) 9
(5,11) 13
(3,23) 16
(30,29) 21
(4,16) 9
(19,24) 9
(7,5) 24
(5,21) 13
(20,19) 24
(16,19) 9
(6,26) 9
(21,18) 9
(17,18) 9
(22,25) 16
(18,25) 15
(23,28) 9
(9,30) 16
(14,21) 9
(15,16) 9
(11,16) 16
(26,24) 19
(0,27) 14
(24,8) 16
(12,27) 17
(27,21) 17
(13,26) 9
(28,22) 13
(29,23) 9
(3,28) 16
(27,11) 17
(30,4) 16
(28,12) 16
(20,26) 9
(16,10) 9
(6,29) 17
(21,27) 17
(19,7) 19
(17,11) 17
(7,24) 9
(22,16) 9
(18,16) 9
(23,21) 17
(21,5) 14
(8,6) 9
(22,10) 9
(9,7) 14
(14,28) 9
(10,4) 9
(15,25) 13
(11,9) 16
(24,15) 14
(14,6) 9
(12,18) 9
(25,14) 9
(15,7) 16
(13,19) 16
(26,13) 11
(3,5) 21
(30,15) 16
(4,6) 9
(28,11) 20
(5,7) 12
(29,10) 9
(30,17) 16
(7,17) 17
(20,15) 17
(18,11) 17
(23,18) 9
(21,14) 5
(8,13) 9
(22,13) 20
(9,8) 9
(33,27) 15
(23,8) 9
(10,15) 17
(8,19) 9
(11,14) 16
(9,18) 16
(14,9) 17
(12,9) 9
(25,23) 9
(26,20) 9
(3,10) 16
(27,25) 9
(4,13) 9
(29,3) 17
(3,16) 16
(6,15) 17
(30,24) 16
(19,21) 9
(17,5) 12
(7,14) 9
(20,22) 16
(21,23) 9
(22,4) 9
(18,28) 9
(8,26) 9
(11,7) 24
(9,27) 15
(24,29) 18
(14,16) 9
(10,16) 9
(25,24) 10
(15,21) 13
(13,5) 17
(11,29) 18
(0,6) 6
(24,3) 19
(1,7) 17
(28,25) 9
(5,9) 22
(29,28) 9
(3,25) 21
(6,6) 9
(30,3) 20
(4,18) 9
(19,26) 9
(7,7) 13
(5,19) 18
(20,29) 17
(16,21) 9
(6,24) 9
(21,16) 9
(17,16) 9
(7,29) 17
(22,31) 16
(18,23) 15
(9,28) 9
(14,27) 17
(10,27) 9
(15,18) 16
(11,18) 9
(24,10) 16
(27,23) 9
(25,11) 9
(13,24) 9
(28,16) 16
(29,21) 9
(27,13) 9
(30,10) 16
(4,25) 9
(28,14) 16
(5,28) 9
(6,19) 17
(21,25) 9
(19,9) 17
(17,9) 19
(7,26) 9
(22,22) 16
(18,14) 16
(21,3) 17
(8,8) 9
(32,5) 17
(22,8) 9
(9,5) 15
(23,13) 9
(15,27) 15
(11,11) 13
(24,17) 15
(14,4) 9
(12,12) 9
(25,12) 9
(13,17) 12
(26,11) 14
(3,7) 20
(30,13) 16
(28,5) 12
(5,5) 14
(29,8) 9
(16,3) 17
(6,10) 9
(30,23) 16
(19,14) 3
(7,19) 15
(20,9) 17
(18,9) 17
(16,25) 9
(8,15) 17
(22,3) 21
(33,25) 15
(23,10) 9
(8,21) 17
(11,0) 12
(9,16) 9
(24,24) 13
(14,15) 17
(12,11) 9
(10,23) 9
(25,21) 17
(13,10) 9
(26,18) 16
(3,12) 16
(27,27) 19
(4,15) 9
(28,28) 9
(5,14) 9
(3,18) 16
(6,13) 17
(4,21) 9
(19,23) 9
(7,8) 9
(22,32) 13
(20,16) 9
(16,16) 9
(21,21) 9
(17,29) 17
(22,26) 16
(9,32) 13
(18,26) 9
(8,28) 9
(9,25) 21
(24,31) 16
(14,22) 9
(15,23) 12
(13,3) 17
(11,31) 16
(26,29) 17
(24,5) 12
(12,24) 9
(27,16) 9
(1,5) 17
(13,29) 17
(28,27) 21
(26,7) 14
(29,26) 9
(3,27) 20
(6,4) 9
(4,28) 9
(19,28) 9
(5,17) 14
(17,22) 9
(22,29) 20
(20,5) 9
(18,21) 15
(8,3) 17
(9,2) 16
(14,25) 9
(10,25) 9
(15,28) 9
(11,20) 9
(24,12) 16
(14,3) 17
(12,23) 9
(25,9) 17
(13,22) 9
(28,18) 16
(26,14) 9
(27,15) 9
(30,8) 16
(4,27) 9
(5,26) 9
(16,14) 16
(6,17) 17
(30,18) 16
(19,11) 17
(7,20) 1
(22,20) 9
(20,12) 2
(23,17) 17
(8,10) 9
(32,7) 17
(22,14) 16
(9,11) 23
(33,6) 6
(23,15) 9
(10,0) 7
(8,16) 9
(11,13) 12
(24,19) 9
(14,10) 9
(12,14) 9
(15,3) 17
(13,15) 19
(26,9) 17
(3,9) 16
(27,4) 9
(28,7) 21
(5,3) 17
(29,6) 9
(16,5) 9
(6,8) 9
(30,21) 16
(19,16) 9
(7,13) 15
(20,11) 17
(18,7) 9
(21,10) 9
(17,26) 9
(22,1) 16
(9,12) 16
(23,4) 9
(10,11) 9
(8,23) 9
(11,2) 16
(9,22) 9
(24,26) 18
(14,13) 17
(12,5) 17
(10,21) 17
(25,27) 21
(15,8) 16
(13,8) 9
(11,24) 16
(26,16) 16
(24,0) 12
(3,14) 16
(27,29) 17
(4,9) 9
(3,20) 16
(6,3) 17
(30,28) 16
(4,23) 9
(7,10) 9
(31,25) 17
(20,18) 9
(16,18) 9
(21,19) 17
(17,19) 14
(22,24) 16
(18,24) 9
(9,31) 16
(14,20) 9
(10,28) 9
(25,28) 9
(15,17) 12
(11,17) 13
(26,27) 9
(0,26) 6
(24,7) 16
(12,26) 9
(27,18) 9
(1,27) 17
(13,27) 17
(28,21) 20
(26,5) 11
(29,24) 9
(3,29) 19
(30,7) 18